14,67532
17,653292
16,4940
13,6924
17,614924
17,444972
17,122316
12,13260
15,4364
16,100620
17,812396
17,712524
15,36044
15,154604
17,11244
16,4460
17,155564
17,410700
17,39084
15,81612
17,152364
16,8012
14,109356
16,334220
17,656204
17,379916
17,270924
15,4556
16,13772
16,523340
17,547436
14,59852
16,319884
16,429164
13,10284
16,112236
11,2412
14,66092
14,35564
17,15564
14,16172
17,538220
17,931820
16,75756
17,23820
16,19244
17,840044
17,11756
15,219596
16,70764
13,38700
15,228524
17,28556
17,245996
14,33356
16,275052
17,470444
17,784716
17,353196
17,617100
17,885036
17,167276
17,659916
17,153932
17,111980
15,7436
16,275052
16,83372
16,350316
15,27212
16,186860
17,242796
13,5900
15,22412
17,5580
17,84396
17,25964
16,115116
17,257484
16,49932
17,42956
17,516780
13,6572
15,224204
17,708236
17,24716
15,3596
17,697772
14,28556
17,12204
16,441324
17,455052
15,8172
17,88524
15,4044
14,124140
15,40076
17,265004
16,341132
14,94860
15,73356
17,267884
14,27980
17,624684
14,42156
17,934316
15,15884
16,17900
17,25292
16,346412
17,12972
17,564492
16,335180
16,50732
16,35276
15,7212
15,4556
15,237324
14,32300
16,379532
17,651116
16,201932
11,3180
17,99404
17,1043276
12,13836
17,70284
17,71436
17,109932
16,239340
15,9612
16,29964
17,13772
15,39500
17,389964
17,5036
16,10956
17,233036
16,6732
17,36716
17,73356
15,16812
17,101676
16,121740
16,287564
16,28460
17,25964
16,136716
14,6924
17,15276
15,33452
17,21900
15,108716
17,853260
17,776684
17,86924
17,552236
17,166956
17,99692
12,7052
17,199596
17,891500
17,10860
16,11532
15,53580
9,2892
13,60876
16,28460
17,38700
16,289260
17,161132
17,1003020
17,9740
14,75692
15,204812
16,493932
17,32300
17,196044
17,694476
15,4524
17,56460
14,6156
17,398060
17,882636
17,710700
15,249644
17,22956
15,150764
17,117932
17,247052
16,146796
16,159212
14,3404
16,8940
17,19244
15,257420
17,704972
17,21260
16,4364
16,226476
13,25164
16,9644
15,22956
14,2252
14,107820
17,204812
17,25644
16,23180
17,239532
16,99692
14,19020
13,13740
17,172812
16,291692
16,58316
17,144236
15,10380
15,196460
17,17996
16,175340
15,173772
17,676556
14,51372
17,491276
17,232620
14,127436
17,101900
13,1452
16,275084
17,576140
16,52364
17,432972
17,568524
15,136460
16,502284
16,8364
16,37964
16,52044
17,30060
16,40652
17,54956
15,71180
15,179852
17,39084
14,8076
15,150476
17,1010060
9,3212
17,676716
17,584460
16,312140
17,288716
17,159500
15,205292
17,39180
16,275852
15,68780
16,19692
17,77804
17,595596
17,155564
15,134252
17,109292
15,217100
17,585356
17,9644
12,9164
17,634892
13,15276
16,8076
16,53804
15,13260
16,317804
17,9420
17,224172
17,429164
13,48332
12,1100
16,18636
16,4140
15,2700
17,116076
15,90732
16,313260
16,508364
16,419052
17,8172
14,38316
17,71244
17,762252
12,17036
16,8396
16,130700
17,7692
17,488652
16,342732
17,29804
16,8684
14,23180
16,60492
17,625452
14,115436
17,72396
17,446156
14,10572
16,369900
13,41900
16,187212
16,345900
14,72236
17,808236
17,51020
17,483276
17,618860
16,14892
15,179180
17,636812
14,21164
17,176940
15,50924
17,687500
13,15276
17,213452
17,6156
17,47564
17,6732
16,192620
17,545996
16,47532
13,10284
16,7116
16,69420
17,684044
15,31692
16,5612
12,4332
17,223980
15,19692
14,49356
16,46092
16,300140
14,5676
17,101996
16,140076
16,12044
17,813996
17,172652
13,2124
14,2124
13,19724
17,196652
17,65292
14,121004
16,282572
16,314924
17,755564
16,81324
17,688620
13,23372
15,46476
17,336396
14,115980
16,284204
17,50220
15,10572
11,5900
16,4236
9,2412
12,24204
17,824652
16,290156
16,5324
17,371372
16,7692
16,51564
15,206316
15,10860
17,33132
16,169100
17,164364
17,366764
15,11916
16,17036
16,34476
11,620
11,1452
16,506540
17,224012
16,6444
17,889292
17,698732
16,6380
16,285452
16,15980
13,1836
16,43436
14,17676
17,526572
16,23916
17,108492
17,731084
10,6764
17,161612
16,305420
17,31980
17,78956
16,35276
17,257004
16,35436
16,24716
9,1772
17,821292
17,354540
17,970572
14,7436
17,329516
15,69260
17,242220
16,79596
17,13452
17,754092
16,129516
17,893516
13,56780
17,282572
13,41964
12,3404
17,6572
11,11660
16,34220
16,13292
17,10572
17,33036
14,44460
17,195180
17,725484
17,13772
15,13772
17,206412
16,139212
17,184844
17,155852
16,323532
17,16556
11,1356
17,831212
16,189356
17,382700
15,10476
16,108876
17,645740
16,5772
14,21804
17,973164
16,14220
15,5676
17,599916
17,459692
16,86924
17,267692
13,3084
11,6956
17,820940
16,293484
17,34604
17,5996
17,40524
17,15884
16,506060
16,4140
17,14220
14,34220
15,246060
13,33324
17,1030956
17,468780
14,108236
17,227564
15,47532
16,5676
16,243116
16,379916
13,2700
12,4236
17,10316
17,565676
17,617516
14,101676
15,9612
17,733100
15,9900
16,190220
15,138092
15,39660
17,230540
17,38124
16,42572
10,2060
17,868716
17,26700
16,241260
14,14604
17,294444
17,83756
17,235820
17,17580
17,92844
17,377036
17,165740
15,209612
17,170252
17,625740
16,276684
17,970220
17,105132
17,39180
17,158796
11,9612
15,60204
17,368204
16,295916
15,43340
15,132396
14,36780
15,68652
16,152844
15,41516
16,133676
16,457196
16,432300
17,61836
15,11852
16,319020
17,129324
16,20172
17,618860
17,62924
15,229580
17,9036
15,17516
14,2444
17,5676
15,90540
15,4524
16,310860
16,330636
17,870444
14,74540
17,62252
15,2924
16,13196
16,325580
16,354476
17,259116
17,46572
17,698156
17,615372
16,503852
17,9740
17,590796
17,28844
17,557132
16,53036
17,34604
17,5900
14,93804
16,267212
17,585612
15,5100
16,498252
16,5580
17,756492
17,159500
15,155564
17,613100
17,12780
17,607340
16,308012
17,799916
15,149420
16,311532
9,1100
17,40076
12,27596
17,72780
15,4556
17,97196
17,15756
16,33420
15,43884
16,75564
17,697772
15,76044
16,17900
17,6380
15,89132
16,276140
16,306956
17,240236
17,29964
13,23916
17,136652
16,412364
10,3084
17,325356
17,20556
17,931404
17,10284
17,266156
17,657260
14,68652
16,44684
14,22572
17,634764
16,7820
16,143564
17,208556
15,3660
15,15276
17,398540
16,331116
17,129644
14,5580
17,1027724
17,396716
17,496652
17,39372
17,13676
17,132716
15,72300
16,277100
17,109740
17,8012
17,177836
17,368492
17,731340
14,69836
16,169644
17,52044
17,392300
14,79340
17,25356
17,356684
14,2252
17,39020
17,62540
16,347852
15,144236
16,349484
17,1025996
17,37484
17,5676
15,57356
16,3852
16,456620
17,795980
16,509100
16,279884
16,291084
17,7500
17,44844
16,275340
15,4940
14,8172
17,189356
16,20012
17,785676
17,38252
16,491660
13,23372
17,155532
17,89484
16,462572
17,8396
17,837932
17,600812
17,929100
17,7820
16,4524
17,641612
16,132236
16,382892
16,175052
17,222060
16,310796
16,7884
15,14156
11,2796
15,39660
14,100620
16,120812
15,113292
17,585036
15,31980
16,109260
17,12396
15,9644
17,9836
14,14060
15,6252
17,568140
17,191052
11,12204
16,243020
17,155852
17,46700
17,24812
16,33612
17,983436
17,466092
13,29324
17,854732
15,3404
17,38156
14,130700
16,137196
16,61644
17,9932
15,19020
17,13836
17,14124
16,341132
17,334764
10,4940
17,568620
16,3756
17,406284
14,2892
13,53196
16,201932
17,360812
15,12780
15,34604
17,26220
16,192620
17,537324
17,35916
16,496844
14,23724
17,1026540
15,4940
17,13164
17,150380
17,15084
17,9260
15,119724
17,814892
17,214124
13,5100
17,914412
17,49964
17,888492
17,80172
15,25580
17,180492
16,22956
17,305292
15,25644
16,20556
16,166956
17,97644
16,24716
17,24524
17,714540
10,780
17,249132
17,521292
14,7500
17,25772
15,3596
16,12972
16,493644
16,513612
16,467564
16,137324
16,100332
16,9740
17,23756
16,24524
17,6092
17,436812
16,28172
17,1042284
17,486924
16,316236
17,318636
16,112236
15,9420
15,146796
17,1018412
16,147884
17,344972
14,33324
15,16812
16,44076
16,513452
15,16364
17,125900
16,7692
14,87564
17,31692
17,499532
17,443852
17,768396
16,31212
17,16364
15,131724
17,120684
17,200780
17,19244
17,34092
16,5676
17,15276
15,6252
16,197516
17,9420
15,252972
16,378636
12,19596
17,40940
17,672012
17,230444
17,45356
13,32876
17,6764
15,205484
17,535404
16,12204
17,213324
17,15884
17,901356
15,144716
17,792524
17,813996
17,37644
17,7404
14,8396
17,416684
17,641516
14,37580
14,23756
13,56012
17,21260
17,329804
15,91116
17,236492
16,401804
15,142316
17,310092
14,16236
17,631404
17,391532
17,575244
15,38316
15,87756
16,115692
13,1836
15,67532
17,20876
15,6252
16,476876
17,20012
9,1356
17,332364
15,158796
17,600780
14,93932
17,48204
17,352524
12,2636
15,202220
17,10284
16,10380
15,8940
13,15276
17,922476
17,94796
17,11852
17,150060
17,629900
17,170636
17,729612
14,78924
14,17516
17,237516
17,627660
12,10604
16,35820
17,567020
15,36620
17,546284
17,889932
14,85356
17,64332
14,28172
16,13196
13,16364
14,34604
16,119660
17,12140
5,108
17,53996
17,106220
14,71244
13,5676
17,47052
13,23244
14,68364
16,7884
17,12780
17,51276
17,6444
17,857132
10,780
17,283692
17,151020
15,108236
17,151052
17,305292
16,199980
17,16844
14,86732
17,57164
15,8396
17,1027020
17,698412
16,22956
17,6092
17,7116
17,87212
17,12044
15,17484
12,19820
17,29580
17,344396
17,132780
13,32012
15,8780
17,28620
16,89996
16,118700
14,97100
16,343916
17,115020
17,1027724
17,972396
17,571724
14,88364
17,12140
17,55404
17,20940
17,23372
17,55212
15,25932
17,17996
13,21804
17,300780
12,4716
17,241196
15,3404
17,36620
17,5420
16,6924
17,154860
17,62924
16,6092
17,654860
17,85196
17,6156
15,163116
17,557516
17,918380
15,4044
15,33452
17,397644
15,68556
17,209772
17,541964
17,692364
17,396300
17,609836
17,10380
15,17484
17,56460
12,2796
16,28076
16,272204
16,145484
15,4140
17,673452
16,165036
16,461036
16,59660
12,2700
17,76812
17,410156
17,222476
17,174476
16,14732
14,49356
17,541964
17,294380
17,386924
14,2892
17,728396
16,179180
17,61164
17,12972
17,483020
16,331340
15,186924
16,305196
16,4044
16,10956
17,931916
15,67404
14,3404
16,277772
17,340556
16,291692
14,44684
17,773004
17,17004
15,36780
15,11756
17,91820
16,118604
13,60204
16,54540
15,14124
16,505196
15,4940
15,9900
16,4524
17,499724
16,3180
15,8076
17,23276
17,880844
15,227916
17,1026444
17,562092
17,735564
17,521420
16,492524
15,5772
17,5004
17,36332
17,711276
10,1004
13,44844
17,487212
17,294636
14,115916
16,111500
16,192204
12,10796
17,652620
17,93932
16,144012
17,227916
15,60492
17,278700
10,524
17,62924
17,25292
14,23852
16,8396
17,177932
17,9036
14,58860
16,129644
17,18476
16,3756
15,108204
16,86124
17,23564
16,99404
17,26732
17,695820
17,29004
16,5612
17,7884
17,553484
17,6956
17,84972
16,48684
17,99276
16,10796
15,51564
17,175820
17,63180
17,873036
17,224172
5,204
16,152652
17,120396
16,456684
15,210764
13,24204
17,737612
14,6572
16,9740
16,339564
16,260012
17,6092
17,523020
17,222092
15,5100
17,7404
17,36524
16,266796
16,331916
14,106796
15,34476
17,517196
17,7116
16,263276
6,396
17,13772
16,123212
16,218732
15,254220
15,37004
15,91500
17,61644
17,17132
17,504204
12,22796
13,47436
16,33804
16,152556
16,11660
17,110540
17,9900
15,42156
17,31916
15,34284
17,64460
17,359180
17,237932
17,329612
14,22860
15,191724
17,7884
17,564044
10,1004
17,9900
17,423020
14,47276
17,98156
15,87756
15,197996
16,29996
17,196460
17,29804
15,32076
13,18924
16,319436
16,70380
17,217932
17,411756
16,400620
16,25932
16,30924
14,96204
17,69740
14,34476
17,23372
17,818732
17,61356
16,442796
17,1019052
17,448524
17,37452
15,50220
17,572172
16,4556
17,424236
17,7116
17,493644
17,17580
16,188460
16,329036
17,840204
12,2892
16,125996
16,274956
17,219180
16,128876
16,18444
15,152780
17,230796
13,3692
17,233036
16,13676
17,37740
15,15500
11,3212
17,59084
17,923180
16,59532
16,297900
17,6732
16,16556
17,122796
17,11532
12,2892
17,209676
15,123212
16,55884
17,114860
13,52044
17,95276
17,119660
17,763436
17,404076
17,90284
17,607980
14,11756
10,4556
13,48332
14,39084
16,115116
17,7692
16,121004
14,123660
17,1033772
17,350124
17,409292
17,827564
15,10284
15,209772
17,13452
14,39084
17,19116
17,496236
16,142892
17,7404
17,383916
16,15756
16,111404
16,272876
16,239532
17,62540
17,607244
15,209772
17,696300
16,202220
15,34476
16,31244
15,88524
15,208140
15,20492
17,97964
15,146220
16,6956
17,13452
17,796140
17,697836
17,206412
16,6156
17,33132
16,206604
17,575660
16,5900
12,12140
17,321996
17,1029132
14,3180
17,60716
16,20556
17,7212
14,22860
16,420012
16,11532
17,875372
11,1100
17,899180
17,12332
13,1676
17,14156
15,214412
16,79244
15,183500
15,5036
17,295404
17,620556
15,58220
17,243756
17,5324
17,873356
13,6956
16,96780
16,416364
17,963596
13,1772
16,71084
17,157004
17,61580
17,536780
17,38124
17,122252
14,38156
16,5036
16,105612
16,9900
16,181644
14,43020
17,87692
16,198444
15,3596
17,25292
16,79244
17,23724
17,26700
16,266444
17,588524
16,16652
16,343820
16,476172
15,16236
16,4460
11,1004
15,127212
15,20684
17,101900
17,42572
17,857900
16,28460
17,640236
17,653036
16,165324
13,7340
16,6444
17,16524
17,4940
11,8012
13,2636
15,24204
17,15276
16,93804
17,578124
17,524492
11,1356
17,474092
16,197996
17,111660
15,136652
14,50220
17,11532
16,4524
17,333740
15,198444
14,4940
17,883340
16,228876
17,66252
17,215084
17,628716
12,1164
15,66540
12,1196
17,6764
17,654380
15,7212
17,17004
14,48396
16,152556
16,509612
15,4140
17,29580
17,205196
16,13772
17,136044
17,499052
16,328556
15,12332
16,427820
16,129804
14,56204
16,287340
15,8684
17,958764
15,208716
17,117356
13,26060
15,14220
17,25772
17,10956
16,207756
17,398732
17,7052
17,180396
17,117164
17,605036
15,43116
12,2252
16,164076
17,42636
17,971660
15,148716
15,107052
16,350124
17,20876
14,13452
16,58764
17,13740
16,322316
17,986316
16,199340
17,150956
14,19724
17,947180
17,581676
16,344940
17,46860
17,5612
17,9644
14,73964
16,85356
17,14060
17,484940
17,410156
17,644076
16,149420
17,698156
17,936620
16,125676
17,597836
16,9612
16,200876
11,4556
17,709644
17,13196
17,38060
16,385260
17,247052
17,41292
16,58572
15,6572
17,352844
17,760716
15,6380
13,50220
17,32876
15,3660
17,836172
14,35564
17,53996
17,48396
17,24524
16,75756
16,206732
17,31692
17,402060
15,4236
17,63180
17,519500
16,56940
17,235980
15,180396
17,17996
17,756716
17,34124
16,348140
16,8780
16,55212
15,79020
16,9644
16,59756
16,140076
17,82764
15,240876
17,937196
15,5676
17,324012
15,54956
16,4364
17,11244
17,20652
15,166412
14,20940
17,509580
17,559436
16,162860
15,22124
15,166412
17,157644
15,3116
15,4236
17,8940
16,206252
16,57516
17,488492
17,111756
17,469836
16,49356
17,62924
17,753932
15,122316
16,27212
17,29004
14,5612
16,9260
16,68364
17,342156
14,22892
14,110700
15,43404
17,11244
12,9164
15,107820
6,300
17,309356
17,674252
17,1005804
17,474956
16,169644
17,51500
16,28844
17,61164
17,363884
15,8396
14,91404
17,149612
17,6252
17,41900
15,72396
15,11244
16,9164
17,1026540
16,13292
15,26700
17,19724
17,423020
15,30060
16,86220
17,80204
16,304236
16,454316
14,73964
15,6572
16,3756
17,1018092
14,4140
16,198956
17,407436
17,897644
17,43436
17,110412
16,218156
15,236780
17,10380
17,8684
15,208076
16,129452
17,482732
17,578124
13,5612
16,5420
17,485132
17,562092
17,682860
14,86924
16,27756
16,95820
17,672716
17,38316
17,242220
17,311180
17,142892
17,134252
16,70284
17,71916
16,6380
17,6924
14,115116
17,295244
17,98796
17,26636
17,178604
17,191084
16,7404
17,43020
17,539276
16,8364
16,116556
16,467372
17,211020
15,4140
16,133100
17,633036
17,14220
17,380076
16,455660
14,101420
17,671180
17,104876
16,354572
16,287724
16,44300
17,11244
16,12204
17,553484
16,342732
17,134892
17,107244
15,6252
16,26540
16,37452
17,23916
17,143532
17,25100
15,24204
16,223500
16,281612
17,501260
17,360812
16,501164
15,112044
14,36396
15,246444
15,170252
16,50732
17,13292
16,5612
15,32876
17,763212
16,12044
17,946284
16,195884
17,324620
15,27756
17,297420
17,658284
17,19692
13,13260
17,321836
17,121196
17,39020
17,35276
17,766956
16,53516
17,130764
17,414636
17,322092
17,113132
15,222764
17,513452
17,94380
17,159084
15,2924
17,571692
13,1196
17,126444
17,834060
16,293900
17,348300
17,762572
17,805836
17,13004
17,427724
17,38604
16,6380
17,747596
15,154124
15,54540
17,29580
16,5580
17,658860
14,2444
16,144716
17,842060
16,17516
17,5004
17,76844
15,115980
17,84492
13,1580
16,48684
17,603980
15,2636
17,780204
9,1196
15,206604
16,6956
16,277100
17,249132
17,377676
17,908492
17,934316
16,9420
7,236
16,26060
17,857900
17,104876
17,32204
16,140204
17,19500
15,4140
15,11372
16,56652
17,100140
15,196044
15,5676
16,390540
14,74892
14,3692
17,6732
15,9132
17,343884
17,42956
17,270092
17,58124
16,5420
17,142892
17,643052
17,6156
17,36972
16,493100
17,160652
17,86220
17,105612
16,3692
17,531404
13,56684
16,328812
16,17484
15,43020
11,6156
17,33612
17,384812
16,52044
17,6444
16,78476
16,16844
17,8780
17,241964
13,10604
17,917580
17,63500
10,4556
15,36396
16,311852
17,591596
17,26540
17,770636
16,5420
16,29996
16,133836
17,15980
15,108204
17,467340
17,245772
7,492
17,88940
14,97484
16,71916
16,371052
16,285420
17,999372
16,76812
17,9740
17,652172
17,30540
14,80396
17,757676
15,131564
11,5324
13,35564
17,20460
17,696716
13,28172
17,938540
16,46860
16,3884
16,158156
15,4556
16,122732
17,8940
17,17676
16,49292
17,321452
15,63500
16,488172
16,40524
17,518892
17,85356
16,5612
17,7116
17,196044
17,606380
16,12332
17,272876
17,727052
12,1452
16,493932
16,23564
17,11372
17,410252
17,24876
16,48620
16,281324
10,524
15,54540
16,507660
16,52140
16,261804
17,728940
14,38060
16,210764
17,207084
15,4140
17,27116
17,104780
17,9900
17,956076
17,220940
16,79596
17,386220
15,16844
16,20780
16,508332
17,1043436
17,15980
17,7436
11,2892
17,269196
17,497964
17,207756
16,363500
13,3692
13,24524
16,8172
16,323724
16,125100
14,5036
15,161804
16,196844
17,12140
16,185580
12,5772
17,45804
17,349836
14,10476
16,397772
17,88460
14,2060
17,38060
17,510156
17,64044
17,56556
17,6956
16,57356
17,631404
14,129420
16,65612
14,91404
17,630156
17,780492
17,34476
13,25292
17,320204
17,391596
16,53292
17,129420
16,191564
17,109836
17,677996
16,78956
17,629964
15,133292
17,763212
17,934476
17,90444
16,373452
17,636332
14,69452
16,362316
15,71084
17,230220
17,759884
17,107244
15,28460
15,53516
17,146924
16,157772
16,189356
16,246284
15,132780
15,3692
12,2252
15,7436
17,128972
16,38124
17,19116
16,344364
15,248684
17,22796
16,316172
17,107276
12,2444
14,37356
17,704300
15,13004
17,24012
17,721356
15,129516
16,15180
17,9516
17,535340
15,9132
17,970380
17,15020
13,10476
17,66572
16,273260
16,437420
17,384044
16,140204
17,71244
16,28844
17,379980
17,63500
16,9612
16,43340
16,3180
16,36300
16,12204
16,378636
17,109484
17,677772
17,261804
14,9740
14,74636
15,25932
15,5900
14,19020
14,66476
15,117164
17,904524
17,67500
15,13452
17,27884
14,4524
16,10316
14,3756
17,57996
17,27980
15,23276
17,34220
16,62604
17,12620
16,248972
17,717452
17,88332
17,17772
17,289932
16,464172
17,41292
16,332972
16,112044
15,46700
16,119820
14,68172
14,17036
16,45132
17,20492
17,156876
17,11244
16,452492
16,13164
16,62700
14,37964
16,81740
17,11756
17,879372
17,672332
17,24012
17,713036
16,5676
17,245036
17,64140
14,2700
16,331916
17,428844
15,90284
17,843372
15,8396
17,154892
14,10604
17,48332
16,66540
17,931916
17,152364
15,30540
15,13740
17,49100
16,134060
17,114092
17,136364
17,33420
15,136236
15,69740
15,70572
17,22956
16,337004
13,40812
14,121260
17,737676
17,981452
11,9036
11,2540
17,5324
17,541740
17,13740
16,89036
16,243020
15,43340
17,698156
17,197292
17,17132
12,15020
16,183884
16,225164
17,386220
17,548172
15,23244
17,132236
16,21164
16,57740
15,93164
17,457164
16,451692
17,454572
17,103884
17,15020
16,266604
17,526604
16,17676
15,25932
15,42636
16,23244
17,249132
16,51020
17,536780
17,14604
12,21900
15,4524
14,26636
17,7884
17,860396
15,59244
16,12044
17,5324
15,166284
16,21260
15,15980
17,353996
15,101292
16,7404
16,7340
16,272460
15,139532
17,650060
17,201452
17,647564
16,14540
17,61356
17,108524
16,39596
15,87564
16,42380
15,34124
17,493484
16,298604
17,575532
17,695340
17,623660
15,163916
17,144140
16,488652
12,6732
16,12780
17,102252
13,47276
16,12332
16,12396
17,151436
17,268236
17,25932
16,173580
17,553452
16,26540
14,3116
17,19724
16,24812
15,92844
17,82700
15,4236
16,69420
14,13740
16,377612
17,153996
17,18444
17,730860
17,88076
16,331116
17,617804
16,5004
17,389996
16,376620
17,176780
17,107756
17,495084
15,109356
17,205484
15,3084
17,538892
17,30540
17,75692
17,542252
17,577740
16,6156
13,24716
15,206604
17,170636
17,251820
17,65516
15,38604
17,6572
17,10380
16,7500
17,337964
14,67532
17,64460
15,15756
17,361100
14,110156
16,7500
15,129452
15,110412
17,175916
16,10796
16,83180
15,37964
17,313580
16,88076
17,956364
15,5324
17,169580
16,10124
16,83180
17,406796
17,368460
17,23852
16,53516
15,12332
17,519884
17,29004
16,15180
15,229260
14,73004
17,629772
15,9900
17,458540
17,536364
16,149516
17,25356
16,66540
17,234476
16,287052
17,744140
15,113772
16,5420
17,10380
17,19724
16,218732
17,242412
17,27596
15,77100
15,173324
15,4940
14,69740
15,226796
15,10284
17,80844
17,527756
17,1033644
17,414956
17,752940
16,60332
16,466220
15,23276
17,737612
12,10124
17,394124
17,412172
16,273900
16,442124
17,101772
17,138284
16,486860
16,276140
17,188940
16,408620
17,64364
16,488172
17,13452
17,286572
17,620684
16,23052
17,949740
15,2636
17,976044
17,109292
17,10956
16,120300
17,7820
15,83820
17,8940
16,142956
15,160172
15,16236
16,481580
17,372716
16,444972
16,61676
16,206540
13,25164
17,934092
16,274572
17,13164
17,417932
17,234252
16,5772
15,203916
17,4940
17,147852
16,121964
17,71916
11,10284
17,681804
17,346956
15,7404
14,34892
15,4332
17,416492
16,8780
14,39180
15,12332
17,5900
17,48204
14,128300
17,923724
17,14892
17,349836
17,188492
17,9516
17,44076
15,20460
15,20460
15,3660
15,26732
17,522156
15,3692
16,315500
13,29996
14,15020
15,3180
16,5420
17,663884
16,22860
16,110540
16,56556
17,49964
16,8076
16,258956
17,603116
15,118604
14,34316
16,3116
17,15564
17,189356
16,136652
14,2444
17,586316
17,830636
17,1003020
14,12204
16,15180
17,28076
16,5772
16,30540
17,50636
13,9260
15,66476
17,287564
17,10572
17,83660
17,577580
15,74796
17,64332
16,204140
17,537036
14,25964
9,2636
16,75276
17,6444
17,773420
14,5772
16,331532
17,534476
16,72332
13,47532
17,31980
14,14540
15,68204
15,90252
17,109484
17,108876
17,36332
17,38156
16,122316
17,1011180
17,123212
17,256140
16,5324
17,895820
17,5580
17,69740
17,141420
16,72140
17,840492
17,827532
6,204
17,1047692
17,570860
17,149132
17,931052
17,8780
15,221996
16,60876
17,21996
16,461420
15,14156
16,128876
17,364460
17,320396
17,969740
14,80364
16,278700
17,50700
17,1027500
15,56300
17,83372
17,730284
15,252780
13,35820
17,406604
17,56460
16,41900
17,524652
17,32876
16,16524
17,365804
15,143244
17,38156
16,20876
17,436524
17,81612
17,65292
16,208716
17,934284
15,163116
14,107756
15,22124
17,369036
16,10604
17,17772
17,359180
16,103596
11,14540
16,279852
13,53580
17,467724
16,34284
15,15020
15,14060
17,603500
16,3692
16,32652
16,142796
15,4236
17,37964
17,201132
17,6956
15,11756
17,412236
13,45644
15,72236
17,726476
14,96876
16,22860
17,13260
15,44652
17,37644
17,36972
16,21996
17,33132
13,56556
17,81260
16,33452
16,372780
14,2124
17,607436
11,7500
16,5100
16,15660
15,2892
17,29004
17,583340
15,230220
17,930732
15,25580
17,158220
11,2636
17,492972
17,6380
3,76
13,53804
17,31212
17,14540
17,180044
17,116556
16,289452
15,23756
15,60716
13,3884
14,3180
16,4364
17,506636
17,45356
17,14060
15,22572
15,144140
15,252396
17,677996
11,972
17,58796
15,4364
17,132620
16,185420
16,53804
17,120684
17,599084
16,343820
17,394860
17,407564
16,13004
13,8940
17,417932
17,170444
17,603084
16,124140
10,3180
17,373964
14,66476
17,32204
14,7404
16,12620
17,10796
16,6252
17,798060
15,17900
17,64812
17,618732
17,4524
15,140204
16,5036
17,601292
17,353484
17,414924
14,20876
15,196524
17,103596
17,283436
17,16332
12,17132
17,60332
14,70796
17,9740
16,398700
17,622764
17,926700
17,410316
16,325260
17,81740
14,14060
17,1004844
16,286124
16,177132
17,5420
17,776684
16,27756
15,27212
17,339564
16,25932
17,294860
15,242252
15,173804
17,353772
17,356492
15,5612
16,247500
16,286572
17,1008972
16,330924
15,163916
17,15500
12,1164
17,7340
17,35916
16,8396
16,399852
16,8012
17,188844
16,4524
16,292140
17,528236
16,475596
17,389772
17,621900
16,13292
17,83724
16,452940
16,8172
15,68556
17,59372
12,3692
15,33836
13,26540
17,1010124
17,114092
16,36972
16,20780
17,6156
17,221324
17,810060
17,414732
17,580044
16,141804
16,7116
15,4716
15,10796
17,224940
13,39180
17,777996
17,614316
16,14604
17,139532
12,2124
16,485900
17,915116
15,161292
16,91500
16,69996
16,318732
15,215820
17,26540
17,587852
15,2796
14,92492
14,2124
16,31916
15,107820
14,55436
15,189324
16,404876
17,1047212
16,79916
16,5676
17,92492
17,847020
17,589964
17,14732
16,49932
16,37740
16,38156
17,308844
16,71916
17,10572
16,208556
17,503660
15,66060
11,1644
17,502316
13,11852
12,876
16,338412
14,67532
14,122316
17,578604
15,10284
17,14540
15,85196
17,7404
13,6732
17,150924
17,144140
16,13676
16,40940
17,231180
17,252204
14,32012
16,84492
12,2220
13,47564
17,34220
16,109836
17,9836
15,5420
17,217932
17,230604
17,1042092
13,40652
16,263724
17,430284
17,423980
16,83372
16,384332
17,861132
17,594572
15,3756
15,6156
16,191532
16,197996
17,60876
14,2444
16,60204
17,708236
17,250284
16,68556
16,59660
17,272492
15,66060
16,504524
17,15180
16,94124
15,133292
15,149196
17,45516
16,183884
17,298604
17,226412
17,630732
17,81324
15,59180
14,29580
13,39596
16,58220
17,624684
16,274956
16,72236
15,157100
15,30540
17,26700
16,194604
15,51564
17,629484
15,90572
17,987692
15,28620
17,444972
17,888780
14,8684
17,684044
17,162284
13,38796
12,21260
14,2700
14,118956
17,175596
17,115980
13,25932
17,15884
13,13452
15,201260
17,185420
16,335372
17,6764
16,166892
16,336236
16,474092
15,3596
16,7116
17,149196
16,481580
17,126156
17,9132
17,341580
16,21260
16,89484
17,416076
17,22572
13,46860
17,6444
8,876
15,15564
16,119820
17,156684
17,165740
16,521804
15,82380
15,146156
17,1014764
15,138380
10,8076
17,17516
17,98636
16,52844
7,684
17,302604
17,175052
17,16812
17,56652
14,2444
17,56492
15,37452
17,8940
15,34092
17,8076
12,19436
16,499820
17,1037964
16,521676
17,10476
17,48620
17,156300
15,123596
16,122796
17,5036
16,289932
16,109836
14,89036
15,20012
15,141836
16,37484
17,549420
15,8172
17,535916
14,7212
16,152780
17,26700
16,15980
16,8076
14,3116
17,6380
17,107532
17,93260
16,300012
15,235820
16,189356
12,7692
16,471596
17,284684
14,86540
17,9260
17,368492
17,109292
15,4364
17,220652
17,25740
16,40940
17,381356
16,492396
17,7500
16,19020
16,21804
17,6732
17,40844
17,17676
17,167436
17,50732
17,6924
16,386732
17,30252
17,31596
13,5420
16,13260
17,689516
16,314924
17,12972
12,3404
17,899820
16,182796
17,134892
17,164300
16,300396
17,4460
16,504236
14,44460
16,22956
16,81420
17,156876
17,280652
13,7212
15,15020
15,125996
17,839340
17,5580
14,16556
14,93612
17,208716
17,131916
17,574604
16,14732
17,15564
16,80012
16,30540
16,25836
17,27564
16,199020
15,79244
16,35916
17,769292
14,3084
17,580460
15,2700
17,33356
16,91500
17,697740
17,61836
16,57164
17,13164
17,9612
17,614924
17,150956
14,3180
17,143532
16,440844
16,417612
16,18764
17,81260
17,818540
17,7820
17,56652
17,73356
17,12780
14,49932
17,996780
17,382604
15,42156
17,906924
17,39084
15,77324
17,725804
17,416300
17,370124
17,13292
16,337100
17,138380
15,67692
16,110412
15,239340
15,206700
17,622764
16,504236
17,31212
15,99500
17,38604
16,55340
15,151596
13,64076
15,260844
16,68204
16,7340
16,42380
17,221484
17,22412
16,329804
16,260012
12,2060
16,9036
16,313772
17,648716
17,410796
16,4236
17,883916
17,885356
17,27596
17,11852
16,8172
13,48044
17,291212
17,70572
17,913196
17,21900
16,78572
17,45804
15,210444
13,1644
17,86316
17,227180
17,155564
15,88076
17,268620
15,33132
17,856140
14,39596
16,10476
17,735692
15,30092
16,89196
17,40844
16,43692
15,3180
15,2924
16,266444
16,81836
17,5004
17,891084
16,49100
17,106572
15,25932
16,143436
17,54956
17,32300
16,322956
14,9612
15,206604
16,191052
16,29964
13,37964
17,273996
17,25644
17,48812
16,22412
15,196652
12,6380
17,244620
16,4236
16,365004
17,24716
13,38796
16,485484
15,102860
17,398732
17,864236
16,409452
17,868716
17,240236
16,33804
17,223436
17,119244
17,7052
13,20460
17,7500
14,23372
17,381036
17,583532
16,18444
17,16364
17,555276
17,28076
17,53516
15,98796
17,799020
16,31212
17,409356
17,396812
17,147564
17,405612
17,432204
17,33036
17,78732
15,2796
16,353996
16,10476
16,97484
17,217836
14,79500
17,271436
15,102860
17,947372
17,15980
16,11756
17,13260
17,188844
17,13196
17,685836
13,14540
17,60204
15,163980
15,163404
13,3212
15,17996
17,763436
16,32460
16,191372
17,13772
17,41900
17,325260
17,888492
17,410796
17,595500
14,9612
17,349164
17,914796
17,83180
17,1012812
16,7212
16,198572
14,30092
15,16332
17,95052
17,5996
16,149132
16,31916
15,16236
17,553740
17,640620
16,115020
16,111500
13,39372
16,47340
16,347820
17,6764
17,544940
16,48396
16,18924
12,2124
15,44876
15,232620
17,905804
16,254732
17,693164
14,3596
17,1026476
17,590220
17,398732
17,7692
17,4716
17,690860
12,1004
17,632204
13,19244
17,66156
17,627852
16,10604
17,13836
16,30444
16,222924
16,287052
17,15276
17,54956
16,199980
14,97292
17,18444
16,9036
17,346380
17,98156
14,14540
16,452940
16,29804
17,651180
17,6156
17,129804
16,128652
12,3404
16,120140
13,2220
16,288780
16,179916
15,5996
16,10284
15,97644
17,527532
17,165356
17,960492
16,311564
15,45516
15,9132
15,4460
17,622284
17,5612
16,170636
17,1036524
17,211692
17,232620
16,321452
17,559212
17,17484
16,12140
17,7436
16,4524
17,32204
17,144044
17,194412
17,177836
16,97196
16,37356
17,602156
10,6380
12,15020
17,769964
16,379532
17,1024332
16,444044
16,376620
14,119244
16,306636
10,1452
16,11084
16,176460
17,10380
14,41964
17,526604
17,410892
16,20844
17,126956
17,321996
15,181292
17,553484
16,57516
16,123276
17,80204
17,851052
17,850380
12,19116
16,7340
17,236364
17,157452
14,74316
13,2412
17,149004
15,77804
16,234156
17,33420
17,71724
13,11660
16,414924
15,137580
16,9900
17,384044
15,4556
16,220236
16,322092
15,16844
13,33836
17,17132
17,10380
17,502284
17,156300
17,37964
15,11852
16,195404
17,18764
17,8396
17,115436
17,17484
17,152844
16,33420
15,34604
15,115532
16,83820
17,880844
17,324620
15,13772
15,2220
17,16844
17,277260
15,127212
16,401900
17,529356
16,297356
16,271116
16,9612
17,871980
14,2412
17,121676
17,641612
14,36300
16,117356
17,950700
17,48012
17,9132
15,13004
17,30924
16,335724
17,23916
14,12396
17,8780
12,2060
13,59084
17,91820
9,972
17,15884
16,483884
15,117164
13,62124
17,579500
17,10860
15,7212
16,138636
17,30956
17,272556
15,20940
17,907980
17,454316
16,203180
17,6572
16,85356
16,3212
17,12972
16,9036
17,904332
17,447756
16,347820
17,240876
17,170060
17,421452
17,266540
17,557132
17,991500
17,588524
17,601100
17,158540
14,51372
15,4236
16,205196
17,927660
15,8076
16,339980
16,11660
16,101420
16,30444
15,4140
11,7116
17,608780
15,21900
15,4332
17,710124
16,8012
17,241484
17,65516
17,598572
17,554892
16,264876
17,348300
17,19724
16,319404
17,399500
15,16332
16,297516
13,13196
17,574796
17,10604
17,687852
16,12620
14,5420
16,16524
17,87212
15,10572
17,854444
17,121356
16,30092
16,312044
15,7212
17,134732
17,9036
15,157740
17,464364
17,149484
16,34220
17,894860
17,637836
16,225324
13,3692
16,43692
13,5772
16,5036
17,27756
16,5420
17,84972
15,10572
17,648492
17,100844
15,6956
17,28556
16,110156
16,4236
17,13772
15,9516
16,41900
17,86732
17,12332
16,26540
17,865964
16,347436
17,5676
11,7820
17,407532
15,62060
16,361164
17,714284
15,65484
13,13292
15,2924
16,15084
17,420300
16,16524
16,13772
15,58860
17,48684
17,270924
16,6572
16,32076
17,676940
17,125100
17,151692
16,73004
13,65484
17,5324
17,49964
15,221772
15,5772
17,33804
15,100460
16,7500
17,619820
13,22796
16,4460
17,6156
15,62540
17,490860
17,42572
17,13772
17,40940
14,43692
14,4716
17,42156
17,19692
17,38316
17,6156
14,121004
16,107532
15,73484
17,40812
17,154412
15,9612
17,48684
11,716
17,621900
14,2700
17,963372
17,23724
12,1292
17,32076
17,109356
17,531596
17,77100
17,7404
17,876492
16,6380
16,329612
16,34220
17,648012
17,26540
17,212684
15,153996
8,396
16,88460
14,73580
17,6156
17,9516
14,83180
14,74252
17,20556
15,24524
15,35852
16,31596
17,13772
16,117356
17,595244
17,283436
17,455180
17,27756
16,295724
15,27116
17,892812
17,50220
15,131820
16,67724
17,859212
17,1034156
16,35820
17,855020
13,4524
17,733100
17,34284
17,63180
17,90540
15,15756
17,20940
15,11532
16,3884
17,987500
15,154092
17,626540
16,56012
17,48812
17,959724
14,67692
14,47532
16,267884
17,56492
13,4364
17,315212
17,392012
17,809324
16,414252
17,428460
16,17036
16,292076
17,966636
13,15276
17,360716
16,178860
17,1013580
17,7692
17,772364
17,21900
15,21260
17,268172
15,7340
17,215244
16,361164
17,45804
15,242124
16,42860
10,5996
17,11660
17,361196
15,15564
12,27372
17,293004
15,162924
17,93644
17,8940
15,147212
17,28652
17,1034604
13,11532
17,17996
16,79820
17,995532
16,4460
17,255564
17,62732
17,20012
15,4524
14,40716
16,515084
16,5676
16,91500
17,749132
16,4236
13,24716
16,7436
16,188652
17,676812
17,244620
17,454316
17,501420
16,33804
16,183564
16,5612
11,8780
17,63180
16,236780
17,760460
15,240236
17,13260
14,128300
17,667532
16,109260
17,20460
17,12972
15,32492
16,12044
17,789452
15,70380
16,107276
16,86540
11,2540
17,28652
17,44076
11,15180
15,76716
17,556236
16,32492
17,365804
15,16172
17,14540
16,73964
16,18444
15,18764
17,5772
16,56652
15,172076
17,210636
17,12972
14,67724
16,13004
12,14732
16,18636
17,6764
16,4364
17,223980
14,129644
16,326540
16,7404
16,354380
17,8396
16,216012
15,25100
17,9740
16,295340
17,729420
17,72140
16,188844
17,95820
15,143436
15,4556
15,157292
13,35276
16,344300
14,68652
17,521964
17,415116
14,101100
15,70572
17,625740
15,2636
17,87020
15,43052
15,168012
17,138860
12,972
14,68364
16,49932
17,183884
14,22796
17,25772
17,47052
13,9644
17,379020
17,447500
17,448044
17,750252
17,24812
16,40364
17,719052
17,953100
16,216620
16,320204
17,556940
13,5900
17,10956
15,94380
14,3756
17,22412
16,3692
17,25836
17,658860
17,136460
16,7052
17,144812
15,192716
17,956076
11,1740
16,196524
17,8940
17,44780
17,387596
16,409356
17,31916
15,25100
14,116556
17,743340
17,669036
17,379884
16,43340
16,40076
17,17484
14,5580
16,426732
16,154124
16,471276
17,402060
13,7436
17,11372
17,13740
17,9900
17,494604
17,137612
16,15756
17,11532
17,10796
12,2636
17,288236
14,36716
15,2700
17,434060
16,146156
17,449996
15,174476
17,120972
17,670476
17,150284
17,273996
17,544524
17,311180
17,19116
17,403980
16,331500
14,82892
16,17036
16,19436
17,466476
13,5004
17,12204
16,33036
16,398700
17,7340
16,68204
17,533100
17,626156
16,169836
16,12044
17,31820
17,531084
17,8940
17,57164
13,52940
12,1100
12,5100
13,28844
17,276812
15,30540
17,29964
17,165740
14,2636
17,195404
16,98636
12,25292
15,10604
16,255884
17,345612
17,28556
15,133292
17,38796
8,2060
17,29580
17,460044
13,15564
15,23372
17,220044
15,147884
16,195852
17,707276
16,208716
17,653580
17,904044
11,12396
15,54284
17,254252
17,186924
17,46380
17,417836
15,71724
17,80204
14,85580
16,6444
17,829932
17,801996
15,19692
10,396
16,269292
17,144204
17,307820
17,172524
17,7692
17,9260
13,33452
17,247916
16,425580
16,188492
17,5100
17,9036
16,179916
7,236
10,4140
17,59852
16,307436
17,39660
17,572844
16,3852
14,76844
17,57836
17,356876
17,687404
16,7116
17,329804
17,189900
17,67884
17,7884
14,113292
17,248460
11,11372
16,260396
16,487884
17,48684
17,6956
17,26220
14,1836
17,188844
17,6092
9,1292
17,66092
17,351020
10,4716
14,5420
16,35820
16,24876
17,528396
17,692684
17,74636
17,598796
16,305964
15,157100
17,121196
17,181292
17,26060
16,519084
16,3596
13,50732
17,232556
17,23372
17,672012
15,98636
15,230796
17,259724
17,291404
16,23916
17,992780
16,480236
17,42764
16,335372
17,7052
16,317676
17,537612
14,92012
17,7116
16,178860
15,4140
17,399660
17,89196
14,5100
17,88460
15,10956
17,21996
11,2220
11,9420
17,600812
15,16524
17,685836
17,265740
17,14060
15,53292
17,634572
17,415052
14,35564
17,195276
17,789452
15,101420
16,4236
17,170700
14,16332
17,738764
17,817772
14,23276
17,235884
15,76716
11,6156
16,286476
14,8940
17,573836
15,174476
17,19436
17,646956
16,10284
15,211692
16,351980
17,91916
17,666380
11,2924
13,55212
17,673196
17,410892
11,716
14,3692
15,241484
13,55532
16,27596
15,32076
17,139532
17,10860
17,38252
17,64940
15,200684
17,636204
14,11916
17,650252
16,198572
15,7692
17,363180
17,35564
16,6924
16,69740
15,27372
17,28556
16,417740
17,7116
17,8780
17,139340
11,10316
16,61580
17,158220
17,518124
16,56460
17,57516
14,8396
17,9164
17,549260
17,25740
13,27884
16,10476
17,59244
15,132684
17,813356
14,77324
15,155532
13,15756
13,9132
16,322412
16,43020
17,752940
16,172652
17,409452
16,289452
15,22956
16,20460
15,144044
12,20940
17,404972
17,49004
17,17516
17,38124
17,639020
16,315852
17,1001484
17,909260
15,139724
16,196076
16,10604
17,277260
17,9036
17,5612
17,66156
17,344940
17,156012
16,52172
17,11372
16,396972
17,64844
16,8940
17,358284
15,212780
15,43404
16,4460
17,7884
15,168972
13,1292
16,121004
17,588300
16,96204
17,10380
14,110156
17,6764
17,26540
16,333996
17,57900
15,150924
17,64044
15,6444
17,129644
17,25292
14,86636
16,403692
15,44780
17,538092
15,14124
17,390092
17,362252
13,5772
17,36396
16,18476
17,683532
17,162636
12,6924
17,493772
17,25740
17,32076
15,124172
17,911340
15,4524
15,27180
15,43692
16,4716
14,74444
17,407052
15,15276
13,1836
16,199020
14,106604
16,10476
17,225740
16,28172
16,140940
15,21996
16,498444
17,12204
12,18764
16,111404
17,413900
15,14892
17,101900
17,436076
17,6924
16,4556
17,533292
15,139980
14,4140
16,385676
17,433676
17,937196
15,204812
16,7884
17,590220
15,59756
16,482732
15,66540
8,1196
16,454476
16,5420
17,214604
16,467916
16,209964
15,245292
15,11084
16,134220
15,19020
15,170540
17,207084
17,185292
15,173420
16,181644
17,450444
17,1017900
16,291596
16,396972
17,23852
17,27980
17,21260
16,214412
15,137324
15,14892
14,3212
17,64044
17,15180
17,298764
15,45644
17,278924
17,143532
13,64140
15,88524
17,62796
17,1003724
17,84780
17,43052
14,15756
17,145772
13,5676
16,91916
13,13164
16,17900
14,2796
17,753516
16,310284
16,76844
17,29580
14,87020
17,45804
17,96780
17,23916
17,279116
15,42764
14,32076
16,345836
16,61164
13,32012
16,44012
17,696716
17,11244
17,21996
16,176780
14,12204
14,44684
16,84780
17,107820
17,1023980
17,31916
17,928812
15,74796
17,290316
15,20940
17,989516
17,126444
17,18092
16,278444
15,4140
17,820556
17,7116
17,67244
15,15020
16,8684
15,103212
17,8076
16,257196
14,115436
17,8076
17,20012
15,25100
17,311180
17,1018700
17,5676
16,434892
17,8684
17,16812
16,4524
16,450444
15,8076
17,681804
17,705932
16,125196
17,269964
14,7116
16,31244
15,9932
17,370700
16,65612
17,79820
17,622796
15,20460
17,274956
16,78956
15,90732
13,7436
16,17900
17,716972
12,23724
16,345804
17,119372
17,254732
16,332172
14,19596
17,125900
16,17772
17,11084
17,27212
17,190220
15,6380
16,179852
16,38412
17,105132
16,509580
17,224844
17,90252
15,29196
15,56556
17,233036
17,6092
12,25580
17,76652
17,7692
16,458604
13,21996
16,194316
16,265196
14,54252
15,3180
17,657900
16,3596
14,2444
15,6252
17,86540
15,104780
15,47436
15,17132
16,25772
17,444972
17,64812
16,271724
17,697836
16,203276
17,648332
17,186924
17,115404
13,1452
17,254060
13,62700
15,3692
17,96140
12,5900
16,27116
17,16812
16,430284
17,17900
16,6252
15,24012
17,156684
14,69260
17,664716
17,29996
17,31692
17,24396
17,345644
16,33324
17,167340
16,19500
17,774156
12,28556
15,162572
16,71244
16,402380
17,328140
17,54284
16,287820
15,32652
15,255884
16,41516
17,289260
15,240876
14,66540
15,5420
17,28076
17,391724
11,13772
14,123276
16,6380
13,3884
15,25644
16,56652
15,133292
17,22124
15,21996
16,200876
17,768492
15,61356
17,7404
17,637740
17,170444
13,50220
16,12396
16,435084
14,6732
17,217580
17,812652
16,106892
16,9740
8,972
17,891404
17,106220
15,95724
17,7340
13,29580
17,11532
16,79116
15,55500
15,24716
17,619212
16,319436
16,9132
16,15276
13,3884
17,419372
16,115532
14,69612
17,532652
12,3180
16,25164
17,250892
15,54956
17,108716
16,149516
15,64812
17,46092
16,324780
17,155564
14,124652
17,495084
17,611532
14,127436
16,56556
17,1001324
15,92684
14,2796
17,68780
17,6444
17,5004
16,351660
16,6924
16,193164
14,69836
16,473132
17,6092
15,246284
16,29996
15,3212
16,10124
17,404844
14,101676
16,486924
17,156620
17,733260
17,647756
17,33804
17,64140
14,47436
17,14732
17,411276
17,62604
17,893964
15,14060
13,39020
17,319212
14,3884
16,279500
17,145484
15,252204
16,509100
17,67244
16,17900
17,217260
17,674252
16,186860
13,2412
16,12140
15,9420
16,10604
16,8940
16,84524
14,118956
17,6924
16,11372
17,619692
17,784556
15,9164
10,4236
15,39500
17,20492
17,1033292
16,44652
17,20684
17,736812
17,812076
16,16524
17,579500
17,106892
17,838220
16,280652
15,2796
16,520076
17,58796
13,5420
15,127436
17,9932
17,40652
17,8684
17,15884
17,538380
17,32204
17,63116
17,368652
17,141420
16,248460
14,30540
17,454572
16,79020
17,16364
17,403692
17,143244
16,436460
17,9260
17,640236
17,257676
15,196236
14,11084
17,117356
17,20652
17,684780
17,6956
17,321644
16,340556
17,30092
17,841164
16,198764
16,36044
17,6924
16,13676
17,154604
17,362220
13,27884
16,67500
17,300620
14,16236
17,29900
17,596972
17,559724
17,146156
17,764460
12,19500
17,107084
17,569676
17,62796
16,114060
17,970892
16,5996
3,76
17,990092
14,5036
15,19820
14,66156
15,30924
14,116556
16,56204
17,281292
16,23276
17,728876
17,96140
16,93452
15,13740
17,1044620
15,69612
12,10380
16,171084
16,183852
17,43020
17,7340
17,32076
17,134252
15,252300
16,308300
17,7116
16,30060
14,66092
17,152556
16,469004
17,634892
17,9644
15,21132
16,15756
17,190380
16,8780
17,506316
15,32076
17,708716
15,2636
16,290156
17,876492
16,456300
17,53196
17,11756
15,4556
17,314604
14,82764
17,393164
15,56972
17,11660
15,8172
14,4940
17,32492
17,15564
15,3084
17,91244
17,7340
17,420716
16,106796
16,4524
13,44780
15,165324
16,390092
16,31596
17,776460
17,124172
17,10476
17,385772
15,9036
17,789836
15,3116
17,592940
15,69260
16,17900
13,22796
14,3180
16,53996
17,6380
17,690444
17,92684
13,35340
17,25644
17,238092
17,60300
16,24012
16,177420
10,5324
17,109292
16,34892
13,24012
15,190476
16,9836
16,271820
15,175820
17,916172
17,185516
17,295116
17,290124
16,267692
16,24876
12,21132
16,459180
17,264332
16,14604
15,150956
17,11916
16,328844
17,799884
17,921420
17,359276
17,210860
17,898764
16,328844
15,100140
17,6444
17,435884
17,25292
17,7052
17,132332
16,212684
15,32460
14,67884
16,50636
17,26060
14,125900
17,36300
16,509772
15,181932
16,136620
17,787596
17,407276
17,90956
17,503532
16,329804
17,204684
17,361164
16,100236
17,600300
16,9420
17,22412
14,71180
17,183020
17,24716
12,1196
16,165324
16,334764
17,233516
17,48204
17,20172
17,1004844
16,277260
16,354572
17,78924
17,452972
14,32460
17,126060
14,7436
17,652172
16,172076
17,36620
15,21804
17,367404
17,31980
17,396012
16,4236
14,3692
15,104780
12,20012
16,506316
16,332940
16,74444
17,658892
17,384044
17,154092
16,26636
14,38124
14,80076
16,66860
15,28556
17,275052
17,6572
17,1016364
16,25836
16,273900
17,86316
17,294380
17,62700
16,252396
12,1836
17,712524
12,1100
17,187500
17,6732
16,138860
17,154316
14,126956
17,202764
16,128876
14,14540
15,38700
17,45516
16,15084
17,877356
17,8172
14,3596
15,221484
17,217836
12,32012
17,144812
7,620
12,1356
17,933932
17,19596
17,157740
17,128300
16,29996
17,679436
17,42156
16,6380
16,479852
17,26540
16,29196
16,47340
16,183564
16,31244
17,135500
16,4364
17,41484
17,621804
17,93516
17,105036
15,44012
16,465260
16,325740
17,349772
17,41484
17,4524
17,619820
17,12140
17,17004
15,74412
16,7692
14,42860
15,14892
13,3660
17,16332
15,4556
17,7052
17,126956
16,28556
16,161004
15,181676
16,20172
16,30444
15,2796
14,30060
17,104876
14,3692
17,823020
17,527532
14,63116
13,11756
16,467244
17,13196
14,124140
14,55436
17,7884
17,82892
12,2124
13,14732
17,10284
17,31244
17,38156
17,20780
16,29804
17,297900
17,843756
16,427820
17,226476
11,5100
15,124140
17,6572
17,188940
16,176972
14,2444
17,385484
17,13260
17,582956
13,22956
16,21260
16,4236
17,354540
12,12140
16,308844
17,7052
16,300716
16,32460
13,3116
17,564300
17,803340
17,11916
17,579084
13,14220
13,7692
17,264332
17,488492
17,7884
17,772524
17,546572
14,21900
17,38156
17,126060
17,137612
14,3884
17,535820
14,100364
16,457740
11,15564
16,214124
17,7884
17,16364
17,839276
14,123500
16,4524
16,246636
16,11244
16,7820
17,52140
17,97292
17,101420
14,72332
17,231852
17,7820
17,183180
17,914796
15,154124
16,14604
17,337964
17,29804
17,569132
16,485196
15,7500
17,85644
17,132396
10,7692
15,44876
17,737004
16,445196
14,7116
17,5772
15,16364
11,16332
16,305420
17,254732
17,10860
16,4940
14,2924
17,744012
17,10476
17,5100
17,574956
16,25100
15,80364
13,37004
17,643052
16,344940
17,105036
17,664716
17,740940
17,28172
10,780
14,5324
17,144044
17,606380
16,382412
16,120780
17,80012
14,2060
17,21260
17,120684
16,457164
15,243116
17,509580
17,18924
16,43116
17,27884
17,100364
17,172364
17,7340
17,355980
17,30252
17,6956
17,218156
17,23052
16,9036
15,112716
17,13836
17,651372
17,104876
17,659052
15,6764
14,83180
17,28460
15,139340
13,34092
15,26540
17,537900
17,637484
17,688332
14,19020
16,69996
17,635372
17,6156
16,339564
17,121740
15,10860
16,4940
14,94796
17,342156
13,45644
16,349100
14,7116
15,2444
17,217484
14,2220
17,42636
16,262956
17,8012
15,215244
16,195404
15,25740
16,138060
16,189356
17,164652
16,294444
17,7692
17,35916
16,104780
15,3756
14,2924
17,603212
16,82892
17,23564
17,33452
17,251852
16,47532
17,15884
11,3660
17,639564
17,65612
17,1026540
17,99500
17,13676
15,107244
16,5612
17,791372
8,524
17,134892
17,22860
16,322604
17,48332
14,5004
17,593580
17,162252
16,365004
16,51276
15,25644
16,427500
15,50700
17,476204
15,7116
17,11532
16,226476
17,9260
16,5676
17,524844
17,15084
15,195404
17,185420
15,4364
14,80972
15,39660
15,13004
16,370316
16,135500
13,1164
17,122316
14,41772
17,308844
16,37580
16,78732
17,74636
17,29996
17,147020
17,822636
17,677420
17,42380
16,43020
17,440844
16,15084
15,244460
17,232844
14,23052
17,729132
16,498444
17,119820
17,607340
17,724236
15,15564
17,262700
16,53772
17,82700
8,332
11,1164
16,352460
12,2124
13,33836
16,31820
14,8364
17,13260
16,268172
14,72332
15,247916
16,289260
16,43020
17,425196
17,642732
17,15020
14,25164
17,16556
15,32652
15,5612
16,374924
16,4524
16,33356
17,169452
16,271820
17,104364
16,60332
16,30924
17,201356
16,69420
14,76812
17,45740
17,392460
16,34284
15,18444
13,9036
17,189036
12,28652
16,339020
14,52140
15,233964
17,1019372
15,162284
17,82380
15,9260
13,10860
16,141132
17,359724
14,7500
15,29004
14,2540
16,231212
17,129452
14,51020
17,121196
17,70380
17,6156
16,313676
17,332012
13,33612
17,56940
17,653580
15,7116
16,33804
16,445100
16,93612
16,234732
17,176780
17,942572
15,151980
14,3852
16,237900
14,4236
14,10860
16,157004
17,855084
12,5900
17,268172
17,885356
15,46572
17,120812
16,4556
17,22860
17,60492
17,12332
17,44076
16,180492
12,23564
16,409452
17,459692
17,945356
17,14540
16,265100
17,77036
15,152844
17,67404
17,79500
16,17420
16,6732
17,22956
15,132716
17,10860
17,30252
17,11372
17,404972
17,569196
17,272780
12,17580
15,22412
17,867500
16,48620
12,27980
16,307340
17,9516
17,379884
16,55500
15,216620
17,8396
17,915276
15,34124
17,12620
17,902700
15,17900
12,19020
16,493772
16,30252
17,335372
17,906764
15,48204
17,164364
16,17772
16,13164
17,583500
15,119372
16,290732
16,13164
13,14124
17,413996
16,30636
16,27884
16,382220
17,660332
13,25932
15,18924
15,141164
15,198956
16,144812
17,523500
17,6380
17,286604
14,2412
14,4940
16,301452
15,14220
17,634892
16,15884
14,15884
17,83820
14,97292
13,10124
17,667532
17,181292
14,12204
17,858156
17,8012
15,147020
17,11852
17,683916
17,46092
17,16652
17,726860
17,29900
16,144812
17,589964
17,161004
15,158220
16,8684
17,87084
16,444396
17,676524
17,650252
16,9164
15,191372
17,55532
17,91500
17,109740
10,6732
17,555852
16,155756
16,5900
16,236364
17,1040076
17,519884
15,57740
16,428172
13,9164
17,79820
14,6252
17,585356
15,145772
17,13836
16,184460
17,418764
16,279500
14,74892
14,20556
15,149612
17,23052
13,8364
15,92684
17,33132
17,556236
17,308652
16,339404
17,18476
15,152780
16,338892
17,817164
14,13164
17,527564
17,539276
16,19116
17,659564
14,23276
15,9900
17,986060
15,6252
17,166284
16,96876
13,8012
17,17484
17,62124
17,946700
17,786860
15,74892
10,7820
17,252684
16,42572
16,153420
16,17004
16,7116
16,118604
17,12972
17,780620
16,43692
16,180204
16,291500
17,28172
14,76844
17,229260
13,28652
17,392780
15,193932
17,38412
14,8780
17,86316
14,111404
11,6444
15,27756
17,23756
16,49292
13,52076
17,37964
17,328140
14,3084
17,644556
17,247244
17,389420
17,9420
17,44684
15,235500
16,485196
17,35820
17,919340
16,46572
16,93900
17,46572
17,45516
15,95820
15,3180
15,5772
16,30956
6,524
17,6956
17,35852
17,722892
16,4236
17,5324
17,10316
17,14540
17,662636
16,11084
17,714444
15,2700
14,107244
15,156876
17,103724
15,99692
17,100844
17,70796
17,32876
17,351980
17,11756
17,5324
16,15180
15,171372
15,181004
16,3212
17,541836
17,950732
16,491180
14,87564
17,38604
17,691596
16,488172
17,564524
16,141132
17,153996
15,6764
15,184844
17,217484
16,204972
17,499052
14,2252
17,926124
14,5772
16,389996
17,44012
16,106892
17,29004
15,12204
16,5420
17,20652
16,5100
17,137996
15,55500
17,13772
16,346604
17,193196
16,3180
17,7820
14,124140
12,31596
15,80204
17,43212
15,24876
16,105612
17,992300
17,21996
17,101772
17,563564
16,332396
17,537420
12,28844
14,61164
16,464300
17,115404
16,247116
15,9036
17,60716
17,40524
15,10124
17,7052
16,83660
17,9612
16,91884
16,16812
17,9420
16,93932
17,113964
13,4332
17,356876
17,35916
17,87660
16,127212
17,171020
17,70764
17,583916
17,129324
17,674252
16,7436
15,2892
13,2796
17,48044
17,116076
16,6156
16,147884
15,3116
17,992300
16,12780
17,1002060
17,17420
17,164844
17,83180
17,15084
17,620556
17,93612
17,5036
17,162572
14,34604
14,39596
9,1292
17,211532
17,10476
17,6732
17,252396
17,620556
15,24396
17,154604
17,585420
10,2892
16,431820
17,212684
17,43212
17,88332
15,97836
17,122252
17,37580
15,35564
17,427500
17,829964
16,21164
17,311340
15,13196
17,6732
17,128172
16,191532
17,256140
17,16652
17,658860
17,35436
17,648716
15,146060
16,339980
17,18476
17,232332
15,6956
16,251820
16,5772
17,28620
15,172652
17,249324
16,310476
17,479372
15,148556
15,167372
17,70764
17,673452
13,8076
16,41484
15,214380
15,141164
17,5612
17,20012
17,16172
16,431372
16,292140
17,544652
15,70284
12,32204
17,518796
14,7340
17,935724
17,976044
15,147884
13,4364
16,60300
17,695084
16,139436
17,136652
16,377996
16,51564
15,140492
16,211884
16,44684
16,10284
17,24972
15,104492
17,103212
17,561740
17,424652
16,94380
17,31916
17,182316
15,7692
17,352844
17,51084
15,2924
17,698444
15,4140
16,9644
16,304620
17,5772
16,278444
17,43212
11,6252
17,890796
16,11852
16,153836
16,442124
17,642476
17,42380
16,4236
16,251724
17,903116
17,6252
17,611244
17,30924
17,869804
10,5580
15,141612
16,245772
17,24012
17,542924
16,8780
16,25772
17,47436
17,829260
15,17004
15,3692
12,16652
17,80076
15,30636
15,53036
17,11916
17,29196
17,246156
15,91116
16,183180
16,42380
16,244652
16,477644
15,62060
17,584460
17,491340
16,79596
17,13004
14,24812
17,413484
16,187916
17,623276
17,16812
14,4044
17,904172
16,279660
17,24812
16,175340
16,126732
17,506700
17,600780
17,287820
16,34892
16,59756
17,340556
17,86316
4,108
17,958764
17,11084
17,251660
16,15980
17,121452
17,11372
17,5004
17,6252
13,41292
15,7436
12,30092
17,61580
17,542252
15,93804
17,876300
17,927884
16,8780
15,152204
17,9036
16,171756
17,9932
16,278060
17,5996
14,72236
16,410700
15,31244
17,71756
16,111756
17,961260
15,217580
17,254732
16,107052
17,17036
15,11532
13,10796
16,126540
14,105260
17,378092
15,212172
14,86732
15,4940
16,91884
16,163916
16,296876
13,10572
16,48396
13,3596
12,12204
15,24524
17,798732
15,67916
16,139884
16,281292
17,111500
17,588620
17,29900
16,6764
16,244236
17,769292
16,8364
13,4140
16,304620
16,113676
17,29996
17,816044
17,7692
15,228012
17,565676
17,132780
17,133004
16,518796
14,44652
15,223980
16,369324
17,22892
17,19116
17,679436
16,74540
17,131084
17,38156
17,651116
17,505196
15,4716
17,874892
17,322956
17,389100
17,6092
15,237036
15,90380
14,2796
15,146444
13,2700
15,171756
16,8172
17,516876
17,266156
16,6092
13,4236
15,49292
16,411500
15,191724
15,16524
16,346796
17,144492
16,458412
17,497484
17,87564
17,565260
15,3756
17,19820
16,40844
17,288812
10,4044
17,23052
17,47436
16,20652
17,416076
17,842060
16,450444
17,834860
15,96716
17,14604
17,32076
14,9740
16,263660
17,23244
16,105164
13,34284
17,537132
16,62796
17,848012
17,499532
17,943436
17,968460
16,473100
15,13740
17,21996
16,133100
14,37964
15,2892
15,27372
15,99564
17,105260
16,8396
17,278700
17,103724
17,48396
17,7692
17,30444
15,73100
16,182316
15,28556
17,86316
14,75692
16,28460
15,91116
15,4460
17,648332
15,151596
17,72236
17,101100
15,61676
15,150380
17,596396
17,8684
14,5420
17,458124
17,43052
16,19116
17,51084
16,485900
16,15276
16,27564
17,120492
17,22412
15,100364
15,157964
17,7404
17,15660
16,28844
15,5580
17,758252
16,286572
16,4236
16,252012
16,176940
11,876
17,11756
17,11916
16,5900
16,409644
17,389292
17,748140
17,214604
16,457964
13,43532
16,257420
17,237516
16,321164
17,10124
15,149196
16,353292
17,72236
12,2060
16,345260
17,5036
12,8780
14,8684
17,5996
16,123212
17,14732
17,623564
14,38700
16,19244
12,1452
15,23916
15,220236
17,120684
17,111500
17,90284
15,48332
16,59244
12,17996
17,553452
16,15500
14,3212
13,2444
15,246284
17,23756
16,27180
17,6252
17,17484
16,25356
16,430124
14,2924
17,18444
11,1004
15,70572
16,9612
17,382700
17,65292
17,141900
17,169452
17,894924
17,39084
17,95820
16,11532
16,9164
17,754380
14,91404
16,10124
15,149196
17,6156
17,66860
14,46092
17,29804
15,191052
17,537644
17,659724
17,30924
14,5996
15,91500
16,121964
17,370124
16,319692
17,18924
17,849132
17,29804
14,5676
15,6572
16,119820
16,11660
15,161100
17,31916
17,809516
17,56492
15,57164
17,238284
16,86732
16,181676
17,601164
17,7500
17,206540
14,90572
16,11372
16,132716
17,8396
17,162284
16,149004
17,457484
16,455052
16,49964
17,830412
14,6444
17,76812
15,17676
17,351116
16,37452
14,17676
14,78572
14,2700
17,120684
17,207372
15,5996
16,413612
17,837036
17,234252
17,771980
15,204684
15,7340
17,598796
16,146540
17,364044
17,637260
15,257132
17,38796
16,8780
17,23052
17,469356
17,986316
17,62604
17,894860
15,162252
14,31820
14,119724
17,62732
15,23916
15,162860
16,288236
17,51692
17,529740
15,25100
12,2796
17,580812
12,20172
16,16332
17,7884
17,4364
16,5324
17,8364
17,222060
17,42156
15,72140
17,48684
15,146540
16,33420
17,976140
17,5676
17,271436
16,78252
13,24972
17,1046732
11,14732
17,227916
17,254540
14,2412
16,4940
17,414252
17,67244
15,5324
14,5900
12,3084
17,477420
10,2124
17,18924
17,992300
16,9644
14,120620
14,52076
14,46092
14,83660
17,335052
17,386220
16,201132
16,120396
17,18476
17,454572
14,1644
12,7884
15,7436
17,129804
17,920492
17,137036
14,8364
17,108524
12,1196
17,1019180
17,10860
17,16364
16,17004
16,162572
17,91820
17,43340
16,7500
15,6572
14,44012
13,42540
17,481580
16,380076
17,6764
17,718220
15,213452
17,343884
15,257036
17,747596
17,394860
13,11532
17,13260
15,3660
16,307340
15,3404
17,15276
16,27596
17,78476
17,251724
17,454476
16,21804
16,123020
17,858092
17,6252
13,5036
14,93516
16,57740
16,311532
16,13004
12,7212
16,299916
16,176076
16,356364
17,417740
17,621452
14,2252
17,555116
17,132684
17,41516
16,271916
17,968172
16,5036
17,15500
16,399692
16,106220
15,6380
16,17036
16,6380
14,2892
17,23724
16,36396
14,1740
17,15180
16,14732
14,8172
16,332972
17,39500
17,10956
16,120684
15,170444
17,58572
14,28556
17,62252
17,262124
14,7052
17,134060
16,220652
16,68172
17,5580
15,25292
17,7820
15,66252
16,32012
17,36716
17,215820
17,19820
16,139340
17,649260
17,675372
17,7052
16,128972
16,508332
16,228044
16,7820
16,482252
17,896652
17,226412
17,934860
14,7884
16,131916
16,70380
15,156524
17,166956
15,155180
16,353036
12,12044
17,384492
16,427244
17,86124
17,523532
16,16332
17,1027820
17,431372
16,9612
15,161612
17,316076
15,15756
17,53996
17,222060
17,534636
12,6924
14,83756
16,363084
14,12044
17,7820
15,17900
13,4140
16,3884
14,79244
17,35852
17,90252
17,690572
17,81612
17,237164
17,28076
17,689516
17,90476
16,294636
16,234060
17,6924
17,1010892
17,607500
17,19596
17,636684
17,210444
16,512172
17,1009836
17,595212
17,857804
17,221996
17,565676
16,3404
17,191052
17,697772
17,18444
17,11532
17,8780
14,126732
16,6252
17,640652
17,47532
17,128300
17,24524
17,547404
15,9516
17,930476
17,906156
17,144492
16,178124
15,11660
17,92940
17,307340
16,92556
16,43340
16,224204
14,62252
16,186924
14,33612
16,145100
16,4044
16,308300
15,10796
16,112940
17,17772
15,152652
15,54252
16,521420
17,917900
17,454956
17,101004
16,193644
15,12780
17,49356
15,64076
17,241260
15,3596
15,105260
17,152652
17,278924
14,56780
15,20684
14,5036
17,88460
17,65516
17,86636
17,146444
16,106796
17,127020
16,232940
10,1356
16,86540
17,22956
17,17996
17,11532
16,24524
17,83660
17,27116
17,7884
17,690572
17,16556
16,304172
16,56940
15,29996
14,19724
17,6092
15,12204
17,552012
17,464364
17,126092
17,14604
17,367020
17,577100
16,22572
13,2924
17,271116
14,2444
17,5772
17,89324
17,99180
17,601484
17,140876
17,230732
17,5996
16,509580
17,254796
17,11084
17,39500
16,237900
16,300716
17,1015820
16,203852
17,258956
17,633036
17,373452
17,374700
15,257676
15,38156
16,43020
17,24812
17,8364
16,4556
17,1011212
17,870444
13,4236
14,22956
17,218924
17,254636
17,101516
17,108236
17,31916
14,103212
17,571980
15,10380
13,10476
17,125676
17,23180
16,521772
16,172652
17,269292
17,46380
16,30956
16,20172
17,460716
16,21900
13,40076
17,688844
17,28460
16,293676
15,5420
16,7884
17,45356
17,35436
17,31212
16,206252
15,6924
15,5612
16,432972
17,608876
12,2636
17,154892
16,331116
17,174572
17,828012
16,20172
16,141164
14,3884
16,18444
17,30092
17,9836
17,528812
16,326412
17,72812
15,144204
17,627884
16,12044
17,42636
17,1000556
16,10476
17,13196
17,627084
10,4364
15,24524
17,590732
15,3596
16,187052
16,79020
14,1836
17,641804
16,200684
14,4236
15,43692
16,185964
15,37740
17,933836
15,10860
17,119724
16,117612
17,58572
17,913740
16,109484
17,383916
17,945516
16,131372
17,120780
15,136620
17,823692
17,49772
16,338316
14,68364
17,50636
17,10380
17,52172
15,43212
17,587084
16,313772
17,121676
17,38412
13,15980
17,294380
17,370572
17,891180
17,140204
16,183116
13,29004
15,10476
17,526572
15,15084
14,51276
17,9516
16,52844
17,331980
16,444972
17,351116
15,14124
17,390636
17,11756
17,8396
14,46700
15,99404
15,67724
16,5324
15,3404
17,23916
16,5996
17,205292
13,54956
15,129452
16,345420
17,102764
17,1014764
17,935084
17,382316
14,3852
16,71436
16,268172
16,417612
14,23372
17,10572
15,30540
15,47564
17,69740
17,385676
17,16812
17,838092
14,84972
17,457964
15,93452
15,27180
16,125100
17,82380
17,1041644
17,10860
15,8012
14,48396
17,850796
17,248844
17,972396
17,21132
17,46572
17,58572
17,16524
17,103596
16,271116
16,25644
17,44012
15,36332
15,36780
17,885420
17,512492
17,4524
16,4364
15,163404
13,38252
17,34316
17,27180
17,10476
17,9260
17,272364
17,775884
14,102860
16,11916
17,53324
17,402380
17,9260
16,124076
17,52364
17,12140
15,75692
17,897612
11,9164
13,42380
16,4940
16,123212
16,311756
17,926124
11,2412
17,44780
15,148716
16,345612
16,493292
14,2924
12,7340
14,19020
17,167372
16,7052
17,210636
13,44460
15,171372
17,14732
17,6956
17,393804
17,635276
17,23244
17,292332
16,6444
17,31916
17,196844
17,735852
16,45804
16,185516
15,114860
17,355052
16,44076
17,70796
16,379052
16,372332
16,295404
15,103244
17,131724
17,486476
17,88332
15,5612
16,295116
17,9420
17,318252
15,24716
17,5772
17,91244
16,91500
16,138732
17,677996
17,389964
16,44684
13,59084
17,358124
16,295052
17,539852
16,317516
15,221324
15,129132
16,87756
15,97196
17,92940
17,290732
17,19500
15,3212
17,684044
16,3404
17,4460
17,685772
15,107084
17,33612
17,265740
17,6444
16,303372
16,8076
15,4332
17,659564
16,23372
16,27596
17,552332
16,19116
17,15084
16,269516
14,84524
13,2924
15,132236
17,278444
17,30540
15,5580
17,681164
17,303372
17,384396
15,121260
16,205484
17,178412
17,182156
17,21132
14,3596
17,108204
17,924716
12,3116
17,12204
17,29900
17,265932
14,21164
17,118700
17,27564
15,40844
16,6252
15,23852
17,10956
17,127212
14,39084
17,40844
17,161292
17,236076
14,4332
17,518892
17,4716
16,19820
17,755052
14,42764
14,9164
17,1032012
17,393164
16,3180
16,16172
14,56492
15,234540
15,13004
17,39500
17,19020
12,9900
17,794924
15,46220
16,353100
13,15020
16,43404
17,553676
17,126540
10,684
16,481452
17,409644
17,78956
17,1037004
16,12044
17,263276
16,41292
17,43116
17,640172
17,32652
16,17772
13,2700
17,601196
17,13740
17,15084
16,3852
17,616716
11,8172
15,206412
17,592236
17,419276
16,141836
15,116940
17,165420
16,5580
17,411980
15,76812
17,25164
15,87660
17,265004
17,225356
17,415244
14,25932
17,565004
15,12044
17,99276
17,16236
8,300
16,305132
15,10860
16,15500
17,781932
16,386892
15,12396
14,15180
15,162444
17,261804
16,6764
17,928812
17,925452
16,25292
17,386444
17,14060
17,5612
17,13740
15,19436
16,15084
15,11660
17,601740
15,54956
17,12204
17,250380
17,14604
17,363212
17,202572
17,74892
17,63500
14,4716
15,24204
15,230732
17,735372
14,81740
17,91500
15,24716
17,440684
16,147852
17,56652
16,4716
13,36716
16,4556
16,22892
16,45804
17,259500
17,407276
17,361196
15,46476
16,362444
17,103212
15,24396
15,38252
17,464396
16,189836
13,36524
17,7500
15,9132
17,143532
13,2252
17,170700
15,17516
15,9036
17,516812
17,581036
17,28556
16,8172
17,123212
14,22860
15,74796
10,972
13,43436
17,353804
15,183884
15,8684
15,91500
15,238284
17,11756
16,77964
11,5036
17,20684
14,53292
17,200780
12,18924
15,120684
13,57356
16,481484
17,91820
15,219692
16,423692
15,245772
14,43532
17,250284
16,126156
15,108492
17,25964
17,233004
16,276684
17,285644
9,2444
17,28652
9,1580
17,798764
14,68396
14,46572
17,72300
16,235980
17,153644
16,67724
16,10380
15,152204
17,682700
17,202380
16,100236
15,222924
17,339980
17,10572
13,1580
16,438860
15,210380
15,113676
16,15084
13,5612
17,52812
17,729420
16,140556
17,17580
16,19724
17,508044
17,442124
17,73356
17,718860
17,16524
16,151404
15,215436
17,688236
16,9644
17,185292
17,187532
15,66252
17,6252
17,12780
17,46220
17,528812
17,241004
16,11244
15,161612
15,217580
17,378764
15,27372
17,874700
16,335436
16,18636
13,2892
17,11916
16,433260
15,120300
16,410892
16,48620
17,339084
17,544940
16,266444
16,39660
17,620876
17,61676
16,28172
17,748140
11,10284
13,21260
16,301772
15,2796
15,147564
17,64460
17,682956
17,86700
16,68780
12,3084
16,5612
12,6444
16,86540
16,12044
14,47532
17,29004
17,769292
16,238220
15,51276
17,613292
16,74892
17,35436
14,1836
16,15020
17,10572
17,49964
16,7884
17,548300
17,179436
16,151884
16,297900
15,180620
15,21164
17,80396
16,32492
17,530892
17,358284
16,80364
17,274572
13,50732
17,43724
17,960492
16,107084
16,213420
15,18764
17,53964
17,384716
17,31980
15,27116
17,158796
15,68172
16,132716
17,106572
17,311532
17,537452
16,151404
17,79116
16,11084
14,74892
16,252876
16,248844
17,24524
17,506412
12,12204
13,40652
17,89036
17,26540
17,8780
13,34604
17,48332
14,4940
17,14156
16,206316
16,81420
17,913740
14,10572
17,588620
15,39660
16,14156
15,81420
16,49932
17,284204
17,62060
12,17772
16,53580
15,11916
17,418860
14,3212
17,9836
17,21900
17,692684
16,23756
15,62700
13,4524
14,111980
17,1033260
16,9836
17,100236
17,262860
14,13740
16,131372
17,379884
15,6156
17,6092
16,29196
13,42636
16,354764
16,5004
17,15180
15,4044
15,5100
17,55212
16,430764
17,635660
14,64844
16,155852
17,125292
17,51564
13,1740
17,559052
17,16172
15,136460
16,6252
16,4556
17,20492
14,26700
15,79500
15,59756
16,6956
16,392300
17,60332
16,279564
13,6444
17,655596
16,132620
16,7884
16,80076
14,86124
17,101100
15,88076
15,11756
17,383340
14,4940
17,100844
17,10572
17,43404
15,25580
16,147852
14,10796
17,721004
16,81836
17,106476
17,815244
10,524
14,128172
13,25356
16,217836
16,431724
15,247980
16,13836
17,421452
16,81740
17,350892
14,3404
15,169836
17,901356
17,56780
17,705644
17,667692
17,213324
17,504300
16,290060
13,7500
17,196652
17,411276
15,206604
14,73964
17,474092
13,6156
13,26220
15,67532
17,62892
17,9740
17,629900
17,311660
17,16332
15,69260
17,705164
17,114444
17,9644
15,9036
17,586092
15,19500
12,6956
17,689100
17,17516
17,8172
16,77324
17,648332
16,523020
17,7212
15,130892
10,2700
17,594252
14,79340
16,12620
17,590892
14,83180
15,35852
15,102380
17,217100
15,62796
17,11084
17,28844
17,29580
17,365676
15,5420
16,23052
16,31596
12,5004
16,19596
17,648492
17,5772
16,4140
17,197292
16,398732
17,716364
16,29964
11,620
17,12396
17,683916
17,7052
17,40716
14,27564
17,100236
14,3596
17,99500
17,179436
16,121196
11,9260
14,109836
14,122252
17,290060
17,307532
16,477644
16,335724
16,33452
17,37644
14,51564
14,115116
17,47340
16,134060
17,534060
17,53516
16,25580
17,955116
16,507212
15,61836
17,232716
17,497132
17,15980
16,43436
13,39020
15,29004
17,981740
17,1025772
15,3692
17,39180
17,25580
17,295340
17,42540
17,672236
17,654956
17,52812
17,807404
17,618444
15,7500
17,835052
16,191532
14,83052
16,50732
16,129420
16,407276
16,134060
15,3180
17,105260
16,150636
16,288716
16,231180
14,7692
17,10860
16,343916
16,115116
17,393516
17,85356
17,302412
13,64940
15,196044
17,201932
17,127212
17,370700
14,103596
16,20940
17,850412
17,21900
12,4716
17,157100
16,342092
16,376812
15,12396
15,3884
17,142892
10,396
16,5420
17,101996
17,400556
16,488492
11,2796
17,1016556
17,8684
17,24972
17,118700
17,25964
16,333612
17,664812
15,85644
17,21900
17,4940
16,440492
16,29996
16,9932
17,115404
17,272556
16,10796
16,38156
17,515276
15,76716
17,25644
16,15500
16,24876
15,133292
13,2636
17,373740
16,9516
17,188940
13,20556
17,551532
17,569676
16,29964
17,545996
16,219372
17,319692
14,91916
16,13260
16,295724
17,749676
17,22796
14,13740
17,42572
15,13004
17,694380
14,5996
17,381036
17,112460
15,6092
15,94796
17,621164
12,16844
16,38316
17,29804
14,76556
17,19020
17,1015596
17,11660
16,31692
16,499724
17,983820
17,696300
13,35436
17,836844
16,364620
16,5580
15,200076
17,809420
17,12204
17,166284
15,146540
16,50732
17,598092
15,20844
16,486476
17,648492
16,201932
17,119820
14,112716
17,129516
17,24396
14,34284
16,324332
17,122412
15,6252
17,270156
17,382412
17,181004
17,893100
16,490412
16,15276
15,9932
16,115020
17,581132
16,391116
16,31692
17,955980
17,625292
17,893292
17,137324
17,139532
17,79500
17,769484
16,9260
10,876
16,406284
17,410892
17,233004
15,4332
14,117164
16,15020
17,5900
16,60492
17,23724
17,4940
17,900012
17,826572
16,62060
17,24812
17,37644
17,29004
16,22892
16,203052
17,9516
16,197292
17,276812
17,33324
17,164364
16,232812
17,713036
14,30540
17,749900
17,70764
17,9132
17,263660
17,10380
16,7052
13,34092
16,70764
17,1007052
15,23276
16,108684
17,240300
16,420204
17,17900
17,27116
17,376620
17,517964
17,235500
16,377516
15,204140
17,106220
15,123660
17,1019820
17,221292
16,17772
17,274572
17,626604
17,121356
17,904332
16,15884
16,311340
17,12044
16,498572
17,24972
17,609132
11,5612
17,41772
17,386220
15,144972
17,644652
17,25580
16,34284
17,90444
17,74636
16,480780
16,324204
16,311756
17,384332
16,164172
16,24012
15,18924
17,534060
14,64460
17,1027820
15,37356
16,4940
16,386220
16,10572
17,807404
17,612204
17,247596
15,18636
17,1036236
17,202476
17,121260
17,312876
17,375980
17,396716
17,700652
14,10956
17,25772
16,315852
13,40364
17,773420
17,537420
17,500076
17,574092
17,4940
16,77036
17,891756
12,30060
17,217100
17,285644
17,183756
16,8940
15,161292
12,1580
16,278444
13,34092
15,13772
17,470412
16,36780
17,536556
16,201356
16,61836
17,188844
17,49356
16,343500
17,172524
15,144492
17,38412
16,20556
17,38796
17,255020
17,266540
16,403820
15,55500
17,199596
14,3884
17,30444
15,78060
16,81836
17,273900
17,29964
17,588972
16,4364
16,128204
16,487916
15,35276
17,7116
17,868620
16,156332
17,9132
16,16556
14,80972
17,397484
17,7436
14,3852
17,38796
17,6572
12,1196
17,257676
15,79340
13,6732
14,57836
17,95052
16,71340
12,4044
17,1024332
14,14156
17,744012
17,6252
16,334412
14,5100
16,37356
16,13676
17,87084
17,697196
16,47564
17,9836
15,122796
16,31212
17,683820
17,637452
16,262860
14,80172
15,24204
17,656652
17,15084
15,15756
16,509772
16,181100
16,25964
16,323756
16,180396
10,1740
13,1580
17,147020
17,840716
14,78252
16,25164
12,4140
16,79820
13,16524
17,150060
12,2252
14,62924
17,457932
15,143436
11,8684
17,5612
17,44460
17,354380
16,55500
17,6380
16,488172
16,46092
17,15084
16,523500
15,142796
15,113132
17,589964
16,310284
16,367596
15,53964
15,20780
16,78732
17,392300
17,796652
13,5772
16,314924
17,67884
17,74252
15,9740
17,846444
17,733484
15,6924
16,178796
13,13164
17,382092
16,3884
17,12204
16,202284
16,57900
16,5004
14,56012
16,120780
15,161100
16,74636
14,49772
17,580940
17,37004
17,8364
17,254124
16,134220
17,7404
15,154092
17,189900
15,53036
16,25932
17,418860
17,879692
15,2796
15,26220
16,7340
16,400620
17,438380
17,106220
17,25772
16,439724
17,627500
15,74412
14,81260
17,624780
17,38604
11,9420
16,11532
17,32652
15,248684
17,665292
14,2060
17,34092
17,37740
17,15980
17,621900
12,15180
17,220140
17,343916
15,6380
17,470796
17,631052
17,12780
17,5580
17,675180
17,397164
17,8012
17,46220
17,939212
13,53196
15,74412
17,33836
17,247596
17,8780
17,410892
11,11532
16,77036
16,12972
15,168524
16,53996
17,205196
15,9900
16,5100
17,121260
12,2796
16,30060
17,485196
16,158220
17,11660
12,7052
14,26060
13,14220
17,195276
17,76716
16,214604
15,254220
17,51084
16,7212
15,105260
12,1836
16,15980
17,44012
15,8940
17,7212
16,307820
17,157004
12,1644
17,79820
17,548780
16,272492
15,15180
15,64460
14,60300
15,248204
17,4716
16,68396
17,530444
17,90444
17,683372
17,840716
17,171756
13,42540
17,349644
17,38124
14,10284
16,29804
17,497964
15,91820
17,532652
17,8684
17,103212
12,32652
17,472524
17,663692
14,75564
17,412236
16,23180
14,5612
16,14540
17,857804
17,950412
17,398540
14,126060
17,35276
15,204236
17,39020
17,19020
17,279116
17,970124
11,972
13,1292
16,418860
16,490316
16,9836
17,153996
15,61356
17,939884
17,24524
15,124076
14,49356
17,58764
14,33612
17,29196
13,3660
17,245772
17,647756
16,344076
17,574604
17,13836
17,609932
16,425196
14,50732
16,6444
17,9516
16,80076
12,1292
16,315212
17,369420
16,184812
16,5612
14,4524
16,33132
14,125292
17,483404
16,231852
16,110412
16,12204
17,857772
17,260844
15,150476
16,59852
17,90956
17,604524
16,112332
17,28844
16,509996
16,69996
17,553356
15,12396
14,2796
15,3852
17,356556
17,138860
17,671372
16,320780
16,409772
17,523532
17,6956
15,27372
17,247596
12,21804
17,6092
16,353516
17,814284
14,121740
16,28076
16,42860
13,10476
17,418604
17,15660
17,631404
17,548076
16,321644
16,112044
16,159596
16,32300
17,210572
14,9260
17,481932
17,33804
14,53036
16,117612
17,838284
17,161004
16,386156
16,7052
14,5324
15,175020
17,172812
17,598572
17,621356
14,65196
17,640524
17,374412
14,51500
17,5900
16,161484
17,220524
11,684
17,6924
17,294636
15,3084
15,3692
17,102764
16,445196
16,447500
15,3084
17,28076
17,114060
13,44076
17,58796
16,4524
16,13164
17,43116
16,22892
17,939212
16,21900
16,17420
15,255564
17,4716
16,338540
14,83372
15,32300
10,524
17,893036
17,684396
17,489260
17,16236
17,75084
17,559404
17,718316
16,6764
15,93036
16,39660
16,278924
17,889772
17,120684
17,141900
15,4364
17,365676
16,483276
15,54956
17,185580
17,539276
17,6380
16,300012
16,313356
17,617804
14,7212
16,7340
17,101516
15,228524
14,4460
17,103212
15,19436
15,44684
17,854444
8,396
16,180812
16,42572
17,44684
16,257036
15,41964
11,8940
17,34284
15,29004
15,6380
17,100812
17,160652
17,73100
15,7212
16,20492
17,367116
16,37580
15,229260
17,11756
15,174252
17,663884
17,9260
13,34284
15,257004
14,75564
15,3404
15,2892
17,14540
17,17420
17,857996
17,346796
16,16556
17,691820
17,10124
14,34316
17,438380
17,919820
17,457676
17,608780
14,2060
16,136236
16,79116
17,22572
17,581516
16,347436
14,67244
16,33132
15,69420
16,86700
14,69420
15,28620
17,74796
16,67404
16,168044
16,509772
10,684
17,107372
17,922476
17,284652
15,182604
17,7052
17,25932
17,775820
17,989132
17,17772
14,28652
13,13676
16,5900
11,2252
17,467916
17,484716
15,99180
16,271116
17,346412
17,622476
14,3084
17,209036
17,605580
17,55436
17,19116
14,91052
17,8076
16,23244
16,69836
15,27564
17,321900
14,49964
15,172076
17,562284
15,39084
15,2700
17,1020524
17,491660
13,13260
17,947916
17,1005996
15,28652
17,980556
17,670316
17,961644
17,29580
13,2412
16,307404
17,381932
14,10860
15,100844
17,111404
17,363372
17,155532
17,13196
16,296300
14,87020
17,575532
17,384812
16,508332
17,85580
14,121260
16,60492
16,462092
14,22124
15,10380
17,271020
17,84204
15,142956
16,86412
17,604556
17,381260
17,840204
14,4524
16,337452
17,66476
17,137036
17,16524
16,400236
17,271116
17,121452
15,89996
17,151020
13,33612
17,23852
17,6572
14,60492
15,10316
17,900300
17,6572
12,14220
16,79340
17,129324
17,780812
15,5996
17,43116
16,14124
16,74892
16,512492
16,4940
17,45740
16,6156
17,16172
16,374700
17,59372
17,111500
17,889932
15,23276
16,82764
17,964172
17,703532
16,199692
16,52076
17,707244
17,22412
17,100332
17,15884
17,55532
15,3660
15,3852
15,8684
16,349164
17,247244
17,638892
14,11916
16,300620
16,17676
16,14156
17,8684
14,8684
17,1034060
17,80204
16,27756
17,728396
17,23372
17,911916
16,61164
16,356460
17,335724
17,920460
17,258956
12,4140
17,219180
15,3756
16,231852
17,649580
17,10316
17,370796
17,9740
16,462860
16,53292
7,684
17,307404
13,1644
15,149132
15,4236
15,3404
13,24876
14,7404
17,224204
17,25740
15,15020
17,5324
17,64940
17,976460
16,296396
16,15660
16,29964
17,633324
16,335436
16,509612
17,953964
14,2444
16,16236
15,14604
16,24876
13,10604
16,430124
17,6924
17,177932
17,83660
13,48620
17,149004
17,30636
15,67724
17,368684
17,43884
17,5612
16,40812
14,69612
16,10860
14,51500
15,36044
17,35436
13,3884
15,11756
14,7500
16,7500
17,825036
17,124652
15,10956
15,121484
17,662220
17,493932
16,488972
16,4044
17,401580
17,297516
17,257004
14,5004
15,165356
16,43340
16,367916
16,106220
17,13836
15,10956
14,83660
15,93932
17,9164
15,55532
9,684
17,1018764
15,22572
14,37004
11,2540
17,117356
15,65516
17,51692
16,59756
17,13452
17,679116
17,695340
13,1740
17,35340
17,1001036
17,466796
17,59084
16,128204
17,34092
16,41484
17,568716
16,93612
17,56204
16,481772
15,26060
13,4140
12,2924
17,16364
17,321900
17,81324
17,45644
13,2220
17,14540
17,617132
17,63852
17,224012
16,501132
17,111980
16,262956
17,401964
17,5900
17,30924
13,22860
17,349772
17,5676
15,37484
17,261932
17,423980
17,215532
13,43116
16,210444
16,276716
14,10604
17,615404
14,80076
17,209964
16,6156
15,108684
15,34316
12,2636
16,49100
15,10124
16,416300
17,731820
17,167276
17,670860
17,47436
17,1037964
14,3756
16,41516
16,498476
16,491436
15,137612
17,871980
17,241004
17,170700
16,308172
16,4140
15,125484
17,55884
17,191084
16,8364
15,2700
17,250604
17,526604
16,300780
14,47276
17,18636
17,6956
16,106796
17,31820
16,6732
15,147884
16,9260
11,6092
17,378092
17,225356
17,20780
17,9036
17,231180
17,612876
17,31244
16,112940
13,40716
17,923180
17,530892
14,2220
13,15884
17,97644
14,104844
14,10604
17,675596
17,87212
11,9644
17,387276
17,769196
17,308012
17,233036
13,42860
17,8780
17,52076
15,14220
15,107052
17,201932
16,117644
16,457740
15,44844
13,32204
17,152556
17,31820
17,93036
16,326316
16,364940
15,206412
17,56780
10,972
17,814796
15,190476
17,479372
12,29964
17,17036
16,511724
17,478860
17,994284
17,245996
16,16364
16,150380
17,95724
17,32012
14,27180
16,207756
17,61196
17,49356
16,280652
17,162252
16,450444
16,208044
15,69260
17,577100
11,8172
17,654860
17,229260
16,47052
17,679340
13,9900
17,830540
17,24524
16,356492
15,90572
16,280844
15,61580
17,146060
12,7116
17,245132
17,806156
17,613100
17,222956
17,62700
16,129996
11,3692
9,2220
16,18924
16,125900
15,26060
17,10572
15,5036
15,3116
16,452780
14,68204
16,226572
15,164172
15,70380
17,679436
17,16812
15,6092
15,20492
17,380396
17,476204
16,305196
16,368492
14,37740
16,14060
17,18476
17,592332
13,6156
14,23820
17,17580
17,533292
13,47340
17,127916
15,68652
17,84204
17,28076
17,147564
17,235980
17,633324
13,1676
16,201804
16,127020
11,5324
11,5996
17,15500
17,6252
17,535340
17,188844
17,603980
16,45420
15,7340
15,31692
16,76844
17,587852
16,69452
15,10572
15,67244
13,38060
15,20012
17,8364
17,123276
15,87564
16,141420
17,546284
17,41292
17,1001036
16,17676
12,5676
16,3084
17,480492
17,744972
16,216236
16,204972
17,62252
17,644076
16,28172
17,23372
17,579020
17,109964
14,13260
17,198060
16,505196
14,33612
17,45356
16,39500
17,759084
14,7340
17,15884
17,6956
17,843660
17,10124
13,22124
16,206604
17,763916
16,312140
17,695244
14,2060
16,5996
15,152652
17,799884
17,285420
17,91116
17,902444
16,319436
17,540012
17,58220
17,37452
16,195884
17,93900
16,10956
17,257484
17,11244
17,954444
16,191276
17,155532
17,292044
17,49932
13,29964
17,178572
11,5996
17,34892
17,5036
16,242412
16,31244
17,25292
16,60876
17,268236
17,24204
17,799020
17,413484
17,102092
17,19244
10,7884
17,19116
17,7884
11,7692
16,350316
17,607436
16,16236
16,67404
13,35436
16,16332
17,554412
17,141836
13,22124
17,231692
17,228044
17,217484
15,5324
17,131820
17,26732
17,31596
17,245324
17,558156
16,199596
16,37004
6,140
15,91244
15,2540
16,322796
17,613356
17,25164
16,54540
15,32652
16,82380
15,91404
17,134220
13,9932
17,816972
17,14060
17,120780
17,530444
17,559436
17,22796
14,2124
17,8684
17,15500
15,162284
15,9260
15,25836
17,5900
17,101004
16,62892
16,5420
17,694860
17,20684
17,880812
17,994092
17,764492
16,4044
16,43340
16,16172
17,5676
15,157356
17,8076
16,334412
15,29804
16,19020
17,27180
15,76556
16,123660
17,485580
17,40364
14,34476
16,325676
16,312876
17,802476
16,9612
9,1580
17,733836
17,676140
14,28844
16,93260
17,416364
17,1005644
17,1014732
17,109932
16,120780
16,11852
17,38060
17,864972
17,17036
17,18924
17,165740
17,24876
17,881196
16,38316
16,71724
16,73676
17,16172
15,7692
17,25292
16,55404
14,44780
17,230540
16,61644
16,3404
15,138860
17,1009676
16,60300
15,155564
15,151052
14,1836
16,63116
16,9644
17,20940
14,5676
17,27212
15,90540
17,146540
13,35340
17,10316
14,2124
16,69836
17,59180
16,87116
17,73356
15,5612
15,9132
17,534476
16,14892
17,306252
17,572364
14,15084
13,9164
17,15884
17,11916
17,86316
16,17420
16,398796
17,178124
16,32492
12,8396
16,520620
17,109484
17,385260
16,7500
16,29196
14,5420
17,8396
17,5612
17,14732
14,126732
16,4556
16,105740
17,135116
15,23052
17,76172
17,17516
14,105324
16,27756
17,481836
17,776652
15,47532
17,7052
16,6444
15,16172
15,153420
17,557132
17,4524
17,7404
17,239340
17,58124
17,679596
15,67916
15,158892
17,374412
14,3756
17,281580
17,637932
16,190220
13,17580
16,402476
16,8364
17,80972
16,139884
14,78252
16,111180
17,422924
15,4044
8,1356
16,317900
11,3692
14,100812
17,101004
17,773420
17,45644
16,102764
15,130604
17,56972
16,198284
17,72140
17,1024236
16,84396
15,244236
17,804684
17,7340
17,9036
17,7404
13,27756
15,243756
17,472460
17,11756
17,250956
16,4940
16,35852
17,211692
16,46860
15,121260
15,4940
17,376812
16,302636
14,19436
16,216236
15,153932
16,5996
16,17004
17,94380
17,92940
16,16556
17,6732
17,613292
17,417804
15,213324
17,62604
17,795660
16,281292
17,962156
16,499820
17,661484
17,611532
17,27564
15,5676
17,685164
14,69996
17,37356
16,205164
17,17996
17,851244
17,6156
16,21804
14,5100
17,463692
17,176460
17,20780
17,888492
16,13004
16,9164
17,317900
17,493452
16,37484
16,310124
16,108492
16,3180
17,157452
17,87564
17,89324
17,74252
17,61836
17,6380
14,112236
16,203436
17,874380
17,57996
17,561900
16,404876
8,1196
16,376524
17,6444
14,109356
17,49004
17,969996
15,133292
13,2796
13,3404
17,7692
16,51692
17,130892
17,30092
17,11660
16,360044
17,8684
17,862860
16,493772
15,93932
16,188460
16,410252
15,54636
13,41484
16,27116
17,159084
17,7116
16,76044
16,175340
17,363500
16,27564
16,341196
15,18476
17,121196
17,694284
15,243212
17,10796
17,22572
16,19724
17,907820
17,899820
17,533516
14,123884
16,3756
14,6924
17,99692
17,831884
17,25772
16,4716
13,19244
14,60716
16,89324
17,51020
15,249644
17,558732
17,272364
11,1676
17,11916
16,315660
16,40716
17,15180
17,25932
16,203052
12,17516
15,20556
17,966380
16,17900
14,3596
17,784332
17,325580
17,26636
13,25772
17,62540
16,502316
16,15884
17,846732
16,23756
15,56300
17,6732
16,201644
15,7692
17,676812
14,29900
17,470604
12,2252
17,9612
16,51084
17,937836
17,7116
14,108524
17,28460
17,961676
12,1836
17,708716
17,1023660
17,786860
16,5100
17,444300
17,12204
17,826380
16,342540
15,114092
16,423692
16,279564
17,7404
17,19500
16,104364
17,80652
17,259596
17,190860
17,17772
17,6092
15,3756
14,25164
16,378764
17,555564
15,136236
14,11852
15,59756
17,728684
17,504204
17,993932
15,89036
17,87212
17,247980
17,292844
15,32460
15,96780
17,23372
17,15756
17,817164
16,305292
16,27180
16,349484
16,142956
17,124652
17,5676
13,7500
17,94796
16,70796
17,325260
17,457932
16,14604
17,23180
17,847500
17,99980
13,28460
17,8172
16,345036
17,501420
14,9932
16,234540
17,546060
16,180812
16,10476
16,252396
17,32876
16,3884
12,4140
15,15884
17,472044
17,552332
16,5612
15,205676
16,345836
16,315852
13,5036
17,55532
17,404940
17,778860
13,24812
17,540140
17,571724
15,2796
17,735564
17,12972
13,2924
16,318732
15,5996
17,27756
16,23820
17,9420
13,15180
17,9420
16,356460
17,20652
17,107820
14,80204
17,33420
15,120972
15,34092
16,90444
14,113772
17,94476
17,270860
14,6444
12,1292
15,172812
17,18444
15,9644
16,65516
16,443084
17,26540
17,28620
17,406572
17,293004
12,1452
12,20012
15,156012
17,275724
17,783180
17,42380
17,43404
17,529740
17,64460
17,157292
13,5036
17,118604
17,230604
17,48812
17,95724
13,19244
17,27564
17,71084
17,250092
16,39660
16,119660
16,22572
16,75276
15,146924
16,81260
17,69836
13,9644
16,4716
15,4940
16,107052
17,747660
16,23564
17,350892
17,428844
17,373932
16,331980
15,20876
15,80364
16,374924
16,281196
16,266604
17,10796
15,89036
16,368364
17,288812
17,308972
17,813996
17,228524
16,191276
17,515052
16,18444
17,269324
16,12396
17,215436
16,141132
16,76652
17,29900
15,62700
16,362444
13,37740
17,551564
14,51276
17,97100
17,519692
17,826220
14,75276
17,92492
17,555980
15,206796
17,80972
17,160652
14,121740
17,825324
16,481772
17,452972
17,741420
12,1772
17,14220
17,1037964
17,107820
14,11372
16,19724
17,36524
17,549900
17,5676
16,174284
17,132716
17,5580
17,436364
17,822860
15,257132
15,14220
17,15980
16,249324
16,5772
16,5420
16,150956
13,6380
16,4716
17,565452
17,382220
17,16172
15,5324
14,84524
15,40812
15,97196
15,7404
17,9420
17,66572
17,364460
17,10956
17,54956
16,4140
15,222540
16,31916
17,5900
15,17132
16,500364
17,6764
16,222092
16,191372
15,65516
16,16172
17,242604
16,61356
15,103532
17,251724
16,333996
16,38700
16,7692
14,14732
17,1003596
16,51372
17,97100
16,34220
14,27372
13,2252
17,7436
17,631244
17,729420
17,569580
17,703884
13,3692
17,23372
16,7116
16,35276
17,55532
17,5996
14,4364
17,529740
17,109740
16,21164
16,44012
17,7340
16,8364
17,20844
16,149196
17,106476
16,247980
15,171372
14,23052
15,46092
12,20012
16,368076
17,15500
15,4716
17,60332
17,262956
17,1000652
12,1676
17,103724
17,121740
17,51020
17,584396
11,2220
17,889964
16,195852
17,415052
16,5100
17,380396
15,103212
14,40524
17,5772
17,7052
16,377100
17,924044
17,188940
16,190380
17,146220
17,205292
16,459692
17,653612
17,90476
16,310956
14,17580
16,7500
16,127436
17,110604
16,4236
17,94124
17,319596
15,30060
14,44460
17,45132
17,1026764
17,91116
14,7116
15,11660
16,316716
17,245292
17,562092
17,14540
16,14540
16,155756
16,66476
14,8364
14,3404
16,7500
16,20780
13,64460
14,8780
15,110700
16,8012
15,139980
17,133932
16,411116
17,520140
16,130892
15,24972
16,142220
15,97100
17,233516
17,20460
17,561356
17,245036
17,407564
16,164396
17,38700
14,77804
12,1772
16,252300
15,17772
14,21804
17,6092
16,48044
15,15660
15,253100
17,399660
17,134060
17,959340
14,91404
17,299532
17,158892
14,1772
17,595500
17,21132
17,904524
17,9644
17,23276
14,5580
17,140076
17,33324
17,52812
16,8396
17,201356
16,348396
17,8012
17,9164
17,168524
17,507020
17,131756
15,179916
15,151436
15,3852
17,122412
17,27116
17,684620
15,32460
16,10860
16,503532
17,87660
16,181644
17,691820
17,115692
15,3596
17,537996
17,642444
12,2220
10,1740
17,553452
15,99500
17,548780
17,7404
17,114060
17,553676
17,277356
16,12620
16,11084
16,202220
16,381132
17,393164
17,14220
14,2444
17,1040204
16,6092
17,151020
17,57740
16,65804
15,2924
17,908556
15,58796
17,655916
16,119852
16,5100
14,61356
17,157740
17,378764
17,893036
14,11756
17,7884
16,320844
17,15660
17,876620
11,9516
16,375980
15,145676
17,83180
14,4460
17,484172
17,117612
16,12620
16,4236
17,10956
16,4332
17,419372
17,13676
14,13292
15,258060
17,647372
17,76652
16,290124
15,7212
16,189836
17,273996
17,15500
16,366764
16,19116
15,73100
15,9260
17,929804
17,546956
15,25164
12,1644
17,754092
17,85356
14,5996
17,30924
13,53772
17,8780
17,299084
17,703532
16,152844
13,23180
16,287820
17,392300
14,43724
12,1452
17,7116
17,293292
16,266124
17,10956
15,13740
15,5004
16,13164
17,607916
15,183180
16,8012
17,24812
16,484076
15,6092
15,98444
17,22412
15,12140
17,20780
17,241260
16,11372
17,829292
17,316044
17,153932
17,259500
16,7820
17,10284
17,146060
16,344364
17,22796
17,619980
17,41900
16,294444
16,4556
15,28844
16,31212
15,44300
12,15884
17,881196
17,964716
17,738156
17,540300
15,110540
16,396524
15,95276
17,6156
16,264780
16,29900
17,49772
14,2252
15,59660
17,353036
14,26636
17,85196
16,179180
16,4460
14,3180
15,169836
17,49452
17,20556
17,5580
14,96492
17,111564
17,688236
17,59372
15,41772
16,344972
17,700716
17,7884
17,21996
16,308652
17,983820
17,222476
17,6572
14,12972
17,285452
16,110700
15,7692
17,555564
16,7436
16,348140
17,155916
16,504716
13,34092
15,100236
15,173772
17,202380
16,343916
17,25580
17,28620
14,19820
16,12396
13,3596
17,297420
17,23372
16,25100
14,15180
14,70796
14,59532
14,3180
17,124076
17,133004
17,585164
16,491276
17,11532
15,154092
17,691820
16,446700
17,6252
17,34124
15,13452
15,25644
16,481932
13,24524
17,304620
17,55436
17,418476
16,80076
17,400524
17,385836
13,5036
17,648972
17,778412
17,47564
15,2796
17,17420
17,728876
16,410316
13,6572
17,183756
17,7404
12,972
17,278924
17,632076
16,4044
16,129804
17,148524
16,30444
16,16332
16,56556
17,666572
16,286476
17,574092
15,17420
17,789324
17,12620
16,19436
15,28652
17,725484
13,5580
17,559404
17,547724
16,226572
14,10476
16,477644
14,34284
15,109260
16,518604
17,359756
15,108876
16,321452
8,2060
16,26540
16,113132
15,3084
16,162444
16,52076
16,349164
17,870060
16,165036
12,7212
17,15020
13,57356
16,257420
16,6444
15,17580
16,374700
15,5036
17,17580
16,198572
13,50636
16,58764
17,57516
17,17676
15,123500
16,289580
16,51020
17,104876
17,23276
17,455660
15,17996
16,471276
15,3084
16,61356
15,58796
17,708716
16,3660
17,12780
17,53324
17,105932
17,366060
17,251852
17,103212
12,7116
17,791724
12,7500
17,80844
17,359276
17,768396
17,135116
17,821516
16,42860
15,11084
17,405900
17,254252
17,189260
15,220236
14,2444
17,376652
17,658316
16,420044
17,12332
17,36524
15,8172
16,487916
17,59756
16,129132
17,241740
12,9644
17,390540
16,16652
17,45420
17,14604
17,35276
14,13452
15,250092
17,362732
17,470220
17,661356
16,185420
17,705932
17,395180
16,178860
16,77964
14,79820
16,265676
14,48012
16,167660
17,6380
16,62796
17,283692
16,111372
16,212972
16,138924
17,421452
17,712812
16,144684
14,5324
17,381036
17,830540
17,809612
17,52140
17,227916
16,13164
13,2220
14,78476
17,144044
17,31212
17,685676
17,5900
16,347244
8,492
15,182796
16,9932
17,120620
17,702636
17,101196
16,15276
14,22412
15,38060
12,1580
17,11244
17,71340
17,678380
17,1021452
13,10572
16,293676
16,522156
17,231180
15,209036
6,524
14,11916
17,6380
17,645740
16,3852
17,6764
17,1027052
6,492
17,127020
14,26220
17,14604
16,23916
17,232076
17,674732
17,279884
16,180396
7,396
17,53964
17,168492
17,16364
17,9932
17,657900
17,252684
17,384332
17,809484
17,608204
17,985004
15,25644
17,212684
17,548396
17,14156
17,194636
16,3692
16,3852
15,31916
16,12620
16,8012
17,384044
16,111500
17,9836
15,53292
15,64844
17,7212
17,10476
17,49356
17,683532
14,101292
17,569132
15,149612
17,4460
16,56780
13,41772
14,1836
17,8396
14,2220
17,369324
17,306284
17,6956
17,76556
17,270476
16,270444
17,761612
15,60332
17,576140
16,23052
15,67500
14,5100
16,4044
17,499980
17,39084
16,7340
10,2700
17,9836
16,15276
17,10956
16,30540
17,359724
16,68204
17,647756
17,166860
14,19820
14,56780
15,72140
14,52140
12,9516
16,254796
16,8780
16,123884
17,13196
17,13260
15,9420
15,8780
16,206796
15,73484
17,628844
17,90284
16,310956
16,326316
17,455660
17,355052
16,31692
15,81324
16,285420
17,45420
16,4940
17,516876
16,3756
17,6732
13,38796
15,52364
17,1013004
14,81324
13,43212
17,273612
16,25964
17,81740
16,509772
12,18092
17,16844
17,704492
14,16556
17,420204
17,296684
15,36524
16,36044
16,139724
17,21164
17,17132
17,739532
14,31916
17,271436
14,4140
17,127916
17,283436
15,14060
17,306956
17,5580
15,98796
16,4236
17,233036
14,13164
14,7340
11,14124
16,10956
15,10572
14,87084
15,6444
17,859500
17,79916
17,185580
17,678540
16,34092
11,4364
17,112236
17,214764
17,556524
16,149964
15,236492
17,620684
16,477356
15,59660
13,51692
17,692684
15,9644
13,4140
10,5580
17,193164
17,80844
17,9612
15,162572
14,91052
16,355052
17,42380
16,345036
12,2796
16,487980
17,14060
17,9644
15,207692
17,520076
13,3116
17,605004
17,736844
17,332172
17,4716
17,41772
17,15884
15,2924
15,24812
16,8012
17,637452
17,607436
16,5004
16,409772
17,914636
11,14060
15,40524
16,312524
15,95724
17,312716
17,231020
17,34892
16,78476
12,27596
16,52172
17,23052
16,415116
17,434316
17,71756
17,91404
16,320204
15,7500
16,10124
14,22124
17,318636
17,10476
17,78252
16,6572
17,770540
11,4556
17,680556
16,106572
17,23820
17,64332
16,51372
16,239180
13,46700
16,8684
17,665292
14,26732
17,7404
15,103596
17,674252
17,6732
16,17900
17,57516
16,287660
17,555852
17,8396
17,27564
16,5420
16,5900
17,25740
17,9900
17,139980
13,26700
16,108524
17,10284
16,20172
16,289580
17,875660
13,3756
15,94860
17,101196
16,24204
17,618860
16,310764
16,6732
17,168972
17,250380
17,562572
17,601452
16,143532
17,181100
16,15884
17,620012
17,883436
17,125100
14,111980
17,716076
17,247404
13,2892
15,58316
17,362892
17,85356
16,209772
17,866924
17,22956
17,104492
17,50732
15,64812
17,806220
17,282572
16,342092
16,13772
17,480204
17,98444
17,235212
16,152556
13,4460
14,2540
17,1047692
8,1004
15,261836
17,104364
17,13260
17,194316
17,254060
17,48684
16,4332
15,55340
16,5996
16,383916
17,5900
15,160172
17,754220
11,12044
15,260396
17,431244
17,270252
17,963372
17,45644
17,695724
13,1740
17,84876
17,168236
17,105932
17,37484
16,17484
17,695820
17,637580
16,254124
17,390092
17,407436
16,44012
15,155916
17,74540
17,13004
14,3660
14,76620
15,2540
16,23276
17,131724
11,4044
17,26540
17,279884
9,492
17,584684
15,161804
17,47052
13,25932
17,32460
13,3756
16,233964
15,89996
15,31820
15,4556
17,683244
17,594924
17,157964
16,14604
17,10860
17,5996
17,9900
17,601100
16,29900
17,7116
16,233004
14,10124
16,287660
17,477356
16,31596
17,9420
16,3660
14,6572
17,382700
17,11756
16,105740
14,80204
15,10796
16,481580
14,13676
12,21164
17,51020
16,52044
17,497292
17,1047692
17,74220
17,235980
17,722220
17,52812
17,97644
17,339116
17,831212
13,15084
17,91916
17,29964
17,661484
17,17516
15,148524
14,2124
16,277100
17,99692
17,249356
15,43436
12,17516
16,414956
16,322092
17,64364
13,4524
16,4524
16,52844
15,136652
17,724940
17,5676
16,80076
17,79116
15,5100
16,18092
16,35564
17,26732
17,28460
17,960684
17,28556
16,151436
14,61644
17,697260
17,31212
15,10316
17,27980
16,5612
15,53036
16,219692
17,402380
15,55404
12,12332
17,17036
17,991692
17,13836
7,684
17,336204
17,61356
17,407340
17,34220
17,597452
17,14156
17,81644
17,69420
16,8172
16,43404
17,55404
16,343724
14,93740
17,565676
14,124716
17,681164
17,369324
17,19116
17,724940
17,310092
17,788204
16,17004
17,269516
17,12780
17,114860
17,515052
16,99180
16,296684
17,392460
16,498924
17,406572
14,4556
13,18636
14,2220
16,218412
17,660236
13,7436
16,20012
17,43052
17,32460
14,2252
16,125292
17,267116
16,422540
14,34124
17,17420
16,143244
16,133100
14,13836
17,101996
17,31244
17,81932
17,4716
15,4524
17,573420
17,8012
16,4460
17,318252
16,59852
15,74252
16,7052
17,688332
9,2796
17,790604
17,137196
15,146444
16,3852
16,62700
15,31212
17,7820
17,687852
17,96492
15,230252
17,23372
14,44684
17,664652
17,53996
17,70796
17,49932
13,1452
16,88940
17,536076
16,84524
17,84780
16,475500
17,621644
12,1100
16,19596
13,33452
17,41516
15,161612
16,229932
16,103724
17,8172
17,99564
17,59756
15,23564
17,681452
17,1015596
16,13676
16,9740
17,23916
17,786540
17,28556
15,126444
16,23820
15,95276
17,19724
16,342156
17,12780
17,16364
16,54956
17,36780
15,104876
17,73356
17,552044
17,68780
17,154892
17,66092
16,90380
16,111884
17,661484
15,14220
16,411884
14,26060
17,691052
16,24204
17,367436
16,3756
16,386156
17,7692
16,375980
16,431820
17,994284
16,29196
17,629196
17,427116
14,19500
16,427212
16,7436
17,657900
16,63116
17,11660
15,32876
16,56460
17,532652
17,13740
17,1042380
14,40940
17,638892
17,8364
17,219116
17,53292
17,597740
16,74412
15,2924
13,23756
16,16812
17,600204
17,96492
11,16332
16,184844
14,78060
17,94860
16,46860
17,1033644
14,4460
15,147564
17,68556
14,105164
17,32076
13,39596
17,25356
15,151436
17,780620
17,20684
17,331980
17,13004
16,84876
16,337452
15,156620
17,653292
17,5420
16,268236
16,3180
15,91116
17,88364
17,378764
12,20172
16,9036
16,183116
17,363564
16,75596
16,79244
15,11372
13,9164
16,11756
15,4364
15,4716
17,34476
17,838092
17,992204
17,68172
17,234252
17,11532
16,318636
13,10124
16,136044
16,14220
16,59532
17,57356
17,27212
15,231852
13,1644
17,407340
17,74316
15,4460
17,5900
15,109964
17,48012
15,10284
16,190860
17,835596
11,9132
15,9164
13,25292
17,5324
15,99180
17,706092
17,242252
17,25964
17,142220
14,1836
17,17772
16,16524
17,72332
17,718860
16,285644
17,960300
16,9516
16,109484
15,10796
17,949356
14,4364
17,114444
17,739020
17,111500
17,873356
15,146924
15,165036
16,192620
17,23244
17,636812
17,283980
13,50636
17,670380
8,1196
15,27596
16,14060
16,278060
17,93740
16,22796
16,12204
15,56492
14,124140
16,51500
17,1000140
16,20940
13,8012
16,249356
17,111180
17,259116
17,192716
16,176780
15,11756
17,939884
17,84492
16,15020
17,613292
13,42636
17,378764
17,293292
17,402476
17,15276
17,990092
13,48044
17,617804
15,165420
16,477996
14,1740
14,73100
16,194540
16,365100
17,543020
17,568716
16,231020
16,81612
